   	      	                        fitness                         	                          size                          
   	      	--------------------------------------------------------	--------------------------------------------------------
gen	nevals	min     	max     	avg     	std     	min     	max     	avg     	std     
0  	100   	0       	0.929664	0.517525	0.369495	1       	4       	2.49    	1.08162 
1  	71    	0       	0.929664	0.73668 	0.25929 	1       	4       	2.29    	1.03242 
2  	69    	0       	0.931545	0.795536	0.240423	1       	5       	2.45    	1.06184 
3  	73    	0       	0.958656	0.826307	0.200842	1       	4       	2.44    	1.00319 
4  	78    	0       	0.958656	0.820759	0.21528 	1       	4       	2.43    	1.01247 
5  	82    	0       	0.958656	0.866307	0.180717	1       	5       	2.46    	1.08093 
6  	65    	0       	0.958656	0.734446	0.365451	1       	4       	2.74    	1.01607 
--- 3601.6927840709686 sec ---
