   	      	                        fitness                         	                          size                          
   	      	--------------------------------------------------------	--------------------------------------------------------
gen	nevals	min     	max     	avg     	std     	min     	max     	avg     	std     
0  	100   	0       	0.483709	0.166832	0.154293	1       	5       	2.78    	1.07313 
1  	98    	0       	0.487646	0.213904	0.140499	1       	5       	2.78    	1.17115 
2  	93    	0       	0.499724	0.262371	0.13501 	1       	5       	2.54    	1.21178 
3  	94    	0       	0.502399	0.310656	0.134327	1       	5       	2.36    	1.1876  
4  	95    	0       	0.502399	0.344748	0.129958	1       	5       	2.31    	1.21404 
5  	95    	0       	0.519022	0.373247	0.128631	1       	5       	2.66    	1.32076 
6  	88    	0       	0.522873	0.381078	0.155459	1       	5       	2.59    	1.20079 
7  	91    	0       	0.522873	0.385501	0.145683	1       	5       	2.57    	1.16837 
8  	92    	0       	0.522873	0.39465 	0.143451	1       	5       	2.62    	1.06565 
9  	85    	0       	0.522873	0.402294	0.125407	1       	5       	2.63    	1.14591 
10 	95    	0       	0.522873	0.390959	0.149402	1       	5       	2.46    	1.23628 
11 	94    	0       	0.522873	0.383461	0.160676	1       	5       	2.48    	1.22866 
12 	93    	0       	0.525101	0.405903	0.118287	1       	5       	2.26    	1.13684 
13 	87    	0       	0.525101	0.405019	0.140728	1       	5       	2.22    	1.13649 
14 	92    	0       	0.525101	0.390709	0.148862	1       	5       	2.24    	1.13243 
15 	85    	0       	0.525101	0.40355 	0.150709	1       	5       	2.45    	1.2114  
16 	85    	0       	0.525101	0.429875	0.124383	1       	5       	2.62    	1.15568 
17 	87    	0       	0.525101	0.420422	0.131571	1       	5       	2.61    	1.10359 
18 	84    	0       	0.525101	0.422621	0.135342	1       	5       	2.71    	1.09813 
19 	84    	0       	0.525101	0.434125	0.127676	1       	4       	2.71    	1.04207 
20 	83    	0       	0.525101	0.42304 	0.146341	1       	5       	2.88    	1.07033 
21 	85    	0       	0.525101	0.394433	0.165999	1       	5       	2.9     	1.09087 
22 	84    	0       	0.525101	0.419635	0.141326	1       	5       	2.92    	1.03615 
23 	93    	0       	0.525387	0.427157	0.125558	1       	5       	2.85    	1.08972 
24 	85    	0       	0.525101	0.448246	0.116893	1       	4       	2.63    	1.11942 
25 	90    	0       	0.525101	0.419768	0.146825	1       	5       	2.8     	1.2083  
26 	85    	0       	0.525101	0.421259	0.129798	1       	5       	2.78    	1.17115 
27 	84    	0       	0.525101	0.433106	0.116338	1       	4       	2.71    	1.17724 
28 	86    	0       	0.525101	0.427976	0.120323	1       	4       	2.53    	1.14416 
29 	82    	0       	0.525101	0.428417	0.125108	1       	4       	2.5     	1.22066 
30 	77    	0       	0.525101	0.4102  	0.154085	1       	5       	2.4     	1.23288 
31 	83    	0       	0.525101	0.430636	0.120212	1       	5       	2.33    	1.1752  
32 	91    	0       	0.525101	0.408585	0.148713	1       	5       	2.28    	1.20897 
33 	86    	0       	0.525101	0.42734 	0.146087	1       	5       	2.19    	1.23041 
34 	90    	0       	0.525101	0.396692	0.161403	1       	5       	2.72    	1.29677 
35 	88    	0       	0.525101	0.405843	0.135224	1       	5       	2.88    	1.29831 
36 	88    	0       	0.525101	0.42329 	0.133802	1       	5       	2.78    	1.36806 
37 	93    	0       	0.525101	0.422367	0.123721	1       	5       	2.67    	1.34205 
38 	82    	0       	0.525101	0.425024	0.143807	1       	5       	2.6     	1.4     
39 	90    	0       	0.525101	0.415789	0.136158	1       	5       	2.54    	1.35218 
40 	84    	0       	0.525101	0.396573	0.151446	1       	5       	2.61    	1.42755 
41 	83    	0       	0.525101	0.389143	0.161921	1       	5       	2.71    	1.42334 
42 	87    	0       	0.525101	0.395004	0.14861 	1       	5       	2.79    	1.38054 
43 	85    	0       	0.525101	0.418504	0.134027	1       	5       	2.98    	1.5032  
44 	85    	0       	0.525101	0.408654	0.140884	1       	5       	3.03    	1.47956 
45 	89    	0       	0.525101	0.393568	0.164298	1       	5       	3.28    	1.5105  
46 	84    	0       	0.525101	0.393131	0.161537	1       	5       	3.23    	1.53528 
47 	86    	0       	0.525101	0.418085	0.136763	1       	5       	3.4     	1.31909 
48 	89    	0       	0.525101	0.425759	0.140092	1       	5       	3.56    	1.29861 
49 	93    	0       	0.525101	0.412806	0.153214	1       	5       	3.62    	1.39126 
50 	95    	0       	0.525101	0.395751	0.162364	1       	5       	3.84    	1.12889 
51 	88    	0       	0.525101	0.439331	0.10934 	1       	5       	3.89    	1.148   
52 	89    	0       	0.525101	0.408493	0.149671	1       	5       	3.84    	1.09289 
53 	94    	0       	0.525101	0.411086	0.155583	1       	5       	3.68    	1.19063 
54 	87    	0       	0.525101	0.428991	0.13062 	1       	5       	3.63    	1.1546  
55 	86    	0       	0.525101	0.441202	0.111593	1       	5       	3.49    	1.13574 
56 	90    	0       	0.525101	0.396383	0.174814	1       	5       	3.36    	1.14473 
57 	85    	0       	0.525101	0.414184	0.148158	1       	5       	3.59    	1.1584  
58 	93    	0       	0.525101	0.411436	0.151996	2       	5       	3.7     	1.0247  
59 	92    	0       	0.525387	0.419847	0.150186	1       	5       	3.45    	1.16082 
60 	88    	0       	0.525387	0.404229	0.170879	1       	5       	3.72    	1.12321 
61 	87    	0       	0.525387	0.388492	0.178724	1       	5       	3.61    	1.18233 
62 	84    	0       	0.525387	0.404256	0.160593	1       	5       	3.37    	1.22192 
63 	84    	0       	0.525387	0.435937	0.129674	1       	5       	3.5     	1.26886 
64 	88    	0       	0.525387	0.437822	0.130817	1       	5       	3.45    	1.252   
65 	91    	0       	0.525387	0.428856	0.134113	1       	5       	3.47    	1.25264 
66 	91    	0       	0.525387	0.430399	0.127099	1       	5       	3.59    	1.20909 
67 	87    	0       	0.525387	0.418636	0.155524	1       	5       	3.41    	1.28915 
68 	87    	0       	0.525387	0.412228	0.15957 	1       	5       	3.42    	1.22621 
69 	86    	0       	0.525387	0.431292	0.13718 	1       	5       	3.42    	1.24242 
70 	87    	0       	0.525387	0.426598	0.138212	1       	5       	3.54    	1.15256 
71 	89    	0       	0.525101	0.400285	0.153338	2       	5       	3.49    	1.07233 
72 	85    	0       	0.525387	0.381236	0.157816	1       	5       	3.43    	1.05124 
73 	85    	0       	0.525387	0.382854	0.17732 	1       	5       	3.61    	1.03822 
74 	92    	0       	0.525387	0.388515	0.169944	1       	5       	3.58    	0.918477
75 	81    	0       	0.525387	0.426223	0.127518	2       	5       	3.56    	0.972831
76 	87    	0       	0.525387	0.438034	0.112089	1       	5       	3.37    	1.01642 
77 	86    	0       	0.525387	0.427617	0.137445	1       	5       	3.33    	1.10503 
78 	89    	0       	0.525101	0.401497	0.165466	1       	5       	3.29    	1.01287 
79 	88    	0       	0.525101	0.388077	0.155023	1       	5       	3.24    	1.03073 
80 	86    	0       	0.525387	0.385808	0.165859	1       	5       	3.2     	1.13137 
81 	88    	0       	0.525387	0.4158  	0.139326	1       	5       	3.08    	1.02645 
82 	88    	0       	0.525387	0.411983	0.137088	1       	5       	2.84    	1.11104 
83 	78    	0       	0.525387	0.446557	0.100462	1       	5       	2.88    	0.95163 
84 	88    	0       	0.525387	0.4204  	0.142627	1       	5       	2.97    	0.953467
85 	85    	0       	0.525387	0.413042	0.152474	1       	5       	3.04    	0.926499
86 	85    	0       	0.525387	0.410718	0.150959	1       	5       	3.02    	1.01961 
87 	82    	0       	0.525387	0.405401	0.158868	1       	5       	2.91    	0.960156
88 	82    	0       	0.525387	0.39967 	0.161237	1       	5       	2.9     	0.8544  
89 	89    	0       	0.525387	0.394736	0.151964	1       	5       	2.75    	0.931397
90 	83    	0       	0.525387	0.389467	0.164821	1       	5       	2.8     	0.959166
91 	81    	0       	0.525387	0.405697	0.150719	1       	5       	2.66    	1.0509  
92 	81    	0       	0.525387	0.413131	0.139186	1       	5       	2.41    	0.980765
93 	84    	0       	0.525387	0.423034	0.134124	1       	5       	2.44    	0.909065
94 	86    	0       	0.525387	0.396532	0.166988	1       	5       	2.57    	0.930108
95 	85    	0       	0.525101	0.416198	0.14311 	1       	5       	2.68    	0.947418
96 	89    	0       	0.525101	0.397555	0.153074	1       	5       	2.73    	0.947154
97 	85    	0       	0.525101	0.414639	0.145268	1       	4       	2.62    	0.797245
98 	82    	0       	0.525101	0.432028	0.126199	1       	5       	2.54    	0.829699
99 	88    	0       	0.525387	0.431067	0.117803	1       	4       	2.65    	0.84113 
100	88    	0       	0.525387	0.418315	0.140944	1       	5       	2.62    	0.946361
--- 8114.188744306564 sec ---
