   	      	                        fitness                         	                          size                          
   	      	--------------------------------------------------------	--------------------------------------------------------
gen	nevals	min     	max     	avg     	std     	min     	max     	avg     	std     
0  	100   	0       	0.993725	0.571306	0.410074	1       	5       	2.83    	1.15806 
1  	95    	0       	0.993725	0.740034	0.34031 	1       	4       	2.9     	0.984886
2  	99    	0       	0.993725	0.877525	0.220621	1       	4       	2.99    	1.02465 
3  	96    	0       	0.994199	0.888108	0.219346	1       	4       	2.97    	1.03397 
4  	94    	0       	0.994199	0.866506	0.26562 	1       	4       	2.96    	1.04805 
5  	94    	0       	0.994199	0.801454	0.346753	1       	5       	3.05    	1.10793 
6  	91    	0       	0.994249	0.883943	0.250833	1       	5       	3.08    	1.04575 
7  	97    	0       	0.994249	0.134388	0.333383	1       	5       	3.19    	1.0459  
--- 3605.988251209259 sec ---
