   	      	                        fitness                         	                          size                          
   	      	--------------------------------------------------------	--------------------------------------------------------
gen	nevals	min     	max     	avg     	std     	min     	max     	avg     	std     
0  	100   	0       	0.712407	0.245387	0.230027	1       	5       	2.98    	1.21639 
1  	95    	0       	0.722593	0.315133	0.233075	1       	5       	2.91    	1.11441 
2  	90    	0       	0.722593	0.388569	0.202976	1       	4       	2.59    	1.07791 
3  	97    	0       	0.722593	0.414883	0.222491	1       	5       	2.69    	1.01681 
4  	94    	0       	0.743519	0.464589	0.21214 	1       	5       	2.75    	1.11692 
5  	87    	0       	0.743519	0.473007	0.229694	1       	5       	2.68    	1.03808 
6  	95    	0       	0.743519	0.509244	0.234404	1       	5       	2.75    	1.0332  
7  	91    	0       	0.743889	0.547761	0.211301	1       	5       	2.8     	0.948683
8  	91    	0       	0.753519	0.56118 	0.215405	1       	5       	2.69    	0.986864
9  	91    	0       	0.753519	0.557394	0.21935 	1       	5       	2.69    	0.879716
10 	90    	0       	0.753519	0.564283	0.211447	1       	5       	2.8     	0.894427
11 	93    	0       	0.755185	0.554648	0.24566 	1       	5       	2.93    	0.90835 
12 	97    	0       	0.759815	0.596235	0.205698	1       	5       	3.16    	0.913455
13 	91    	0       	0.759815	0.620806	0.184397	1       	5       	3.17    	0.95974 
14 	89    	0       	0.764259	0.593752	0.210475	1       	5       	3.28    	0.906422
15 	84    	0       	0.764259	0.633591	0.176587	1       	5       	3.31    	0.913181
16 	92    	0       	0.764259	0.618696	0.19919 	1       	5       	3.31    	0.945463
17 	91    	0       	0.764259	0.61665 	0.201035	1       	5       	3.22    	0.933595
18 	94    	0       	0.764259	0.633872	0.187486	1       	5       	3.37    	0.912743
19 	96    	0       	0.764259	0.610833	0.20099 	1       	5       	3.22    	1.01568 
20 	94    	0       	0.764259	0.639543	0.164856	1       	5       	3.3     	0.9     
21 	93    	0       	0.764259	0.625111	0.20674 	1       	5       	3.47    	0.805667
22 	95    	0       	0.764259	0.596607	0.236532	1       	5       	3.33    	0.895042
23 	98    	0       	0.764259	0.622069	0.19433 	1       	5       	3.21    	0.88651 
24 	97    	0       	0.764259	0.605535	0.217353	1       	5       	3.21    	0.919728
25 	96    	0       	0.764259	0.587783	0.222732	1       	5       	3.25    	0.887412
26 	94    	0       	0.764259	0.612607	0.20218 	1       	5       	3.33    	0.917115
27 	99    	0       	0.764259	0.608031	0.23284 	1       	5       	3.45    	0.829156
28 	96    	0       	0.764259	0.644639	0.168692	1       	4       	3.33    	0.849176
29 	95    	0       	0.764259	0.621641	0.207095	1       	5       	3.37    	0.820427
30 	95    	0       	0.764259	0.64077 	0.156782	1       	4       	3.22    	0.769155
31 	93    	0       	0.764259	0.610107	0.211557	1       	5       	3.29    	0.897719
32 	90    	0       	0.764259	0.595683	0.223306	1       	5       	3.4     	0.774597
33 	96    	0       	0.764259	0.607506	0.217824	1       	5       	3.18    	0.817068
34 	93    	0       	0.764259	0.580017	0.247107	1       	5       	3.16    	0.80895 
35 	95    	0       	0.764259	0.650346	0.159134	1       	5       	3.2     	0.774597
36 	92    	0       	0.764259	0.659517	0.132104	1       	4       	3.05    	0.766485
37 	100   	0       	0.765741	0.584398	0.232212	1       	5       	3.17    	0.813081
38 	97    	0       	0.765741	0.645806	0.162112	1       	4       	3.22    	0.715262
39 	93    	0       	0.765741	0.629174	0.1781  	1       	5       	3.29    	0.711266
40 	98    	0       	0.765741	0.632487	0.179601	1       	4       	3.2     	0.761577
41 	97    	0       	0.765741	0.62975 	0.19679 	2       	5       	3.31    	0.716868
42 	95    	0       	0.765741	0.62752 	0.184703	1       	5       	3.27    	0.798185
43 	99    	0       	0.765741	0.627104	0.19442 	1       	5       	3.32    	0.915205
44 	96    	0       	0.765741	0.614165	0.206636	1       	5       	3.22    	0.900888
45 	96    	0       	0.765741	0.616609	0.208225	1       	5       	3.25    	0.817007
46 	94    	0       	0.765741	0.632848	0.17166 	1       	5       	3.25    	0.887412
47 	93    	0       	0.765741	0.609248	0.22523 	1       	5       	3.13    	0.844452
48 	96    	0       	0.765741	0.64057 	0.184222	1       	5       	3.21    	0.919728
49 	94    	0       	0.765741	0.600931	0.237432	1       	5       	3.14    	0.872009
50 	97    	0       	0.765741	0.599019	0.231226	1       	5       	3.27    	0.858545
51 	96    	0       	0.765741	0.588587	0.231828	1       	5       	3.26    	0.82    
52 	97    	0       	0.765741	0.606896	0.222243	2       	5       	3.25    	0.817007
53 	97    	0       	0.765741	0.621439	0.203109	1       	5       	3.1     	0.830662
54 	97    	0       	0.765741	0.585363	0.249636	1       	5       	3.15    	0.90967 
55 	92    	0       	0.765741	0.617389	0.198132	1       	5       	3.21    	1.00295 
56 	97    	0       	0.765741	0.659994	0.168399	2       	5       	3.37    	0.783007
57 	92    	0       	0.765741	0.627354	0.197544	1       	5       	3.28    	0.84947 
58 	93    	0       	0.765741	0.589357	0.234571	1       	5       	3.31    	0.820914
59 	93    	0       	0.765741	0.613952	0.194597	1       	5       	3.2     	0.87178 
60 	93    	0       	0.765741	0.629993	0.159223	1       	4       	3.3     	0.842615
61 	89    	0       	0.769074	0.626163	0.195292	1       	5       	3.41    	0.825772
62 	97    	0       	0.769074	0.582426	0.234554	1       	5       	3.51    	0.865968
63 	93    	0       	0.772037	0.574826	0.242954	1       	5       	3.4     	0.860233
64 	94    	0       	0.772037	0.635452	0.174703	2       	5       	3.51    	0.699929
65 	95    	0       	0.776852	0.646483	0.174513	2       	5       	3.53    	0.684909
66 	96    	0       	0.776852	0.619789	0.217129	2       	5       	3.63    	0.673127
67 	93    	0       	0.776852	0.622031	0.20575 	1       	5       	3.65    	0.698212
68 	95    	0       	0.776852	0.642935	0.166593	2       	5       	3.65    	0.653835
69 	95    	0       	0.776852	0.58777 	0.247999	1       	5       	3.66    	0.724155
70 	92    	0       	0.776852	0.636324	0.196209	1       	4       	3.63    	0.658103
71 	95    	0       	0.776852	0.63147 	0.194709	1       	4       	3.63    	0.730137
72 	92    	0       	0.776852	0.670076	0.145567	1       	4       	3.71    	0.65261 
73 	97    	0       	0.776852	0.615869	0.220993	1       	5       	3.7     	0.655744
74 	94    	0       	0.776852	0.6591  	0.174722	1       	5       	3.65    	0.653835
75 	92    	0       	0.776852	0.642263	0.195579	1       	5       	3.64    	0.768375
76 	95    	0       	0.783519	0.621398	0.233198	2       	5       	3.76    	0.531413
77 	97    	0       	0.783519	0.584743	0.258324	1       	5       	3.81    	0.594895
78 	97    	0       	0.783519	0.59103 	0.247219	1       	4       	3.76    	0.549909
79 	96    	0       	0.783519	0.557276	0.272844	1       	5       	3.69    	0.673721
80 	98    	0       	0.783519	0.601222	0.233791	2       	4       	3.73    	0.50705 
81 	96    	0       	0.790185	0.6112  	0.231316	1       	4       	3.73    	0.580603
82 	96    	0       	0.790185	0.592276	0.237439	1       	5       	3.73    	0.614085
83 	96    	0       	0.790185	0.589306	0.246324	1       	5       	3.75    	0.589491
84 	99    	0       	0.790185	0.658624	0.176957	1       	5       	3.77    	0.580603
85 	98    	0       	0.790185	0.633048	0.212397	1       	5       	3.81    	0.503885
86 	94    	0       	0.790185	0.679237	0.151662	2       	5       	3.83    	0.491019
87 	96    	0       	0.793889	0.652309	0.178918	1       	4       	3.78    	0.521153
88 	97    	0       	0.793889	0.6201  	0.224627	1       	5       	3.61    	0.786066
89 	94    	0       	0.793889	0.621561	0.221504	1       	5       	3.75    	0.554527
90 	96    	0       	0.793889	0.564717	0.27054 	1       	5       	3.77    	0.563116
91 	93    	0       	0.793889	0.587293	0.241829	2       	5       	3.78    	0.558211
92 	96    	0       	0.793889	0.627419	0.201055	1       	4       	3.62    	0.703989
93 	96    	0       	0.793889	0.644676	0.196809	1       	4       	3.65    	0.638357
94 	98    	0       	0.793889	0.608519	0.219902	1       	4       	3.52    	0.727736
95 	96    	0       	0.793889	0.630335	0.205161	1       	5       	3.61    	0.676683
96 	97    	0       	0.793889	0.608615	0.224891	1       	4       	3.64    	0.591946
97 	95    	0       	0.793889	0.628148	0.182614	1       	5       	3.58    	0.650846
98 	97    	0       	0.793889	0.613687	0.200588	1       	5       	3.63    	0.702211
99 	97    	0       	0.793889	0.651348	0.170052	2       	5       	3.72    	0.567098
100	95    	0       	0.796852	0.623233	0.211256	2       	5       	3.72    	0.601332
--- 7489.263705730438 sec ---
