   	      	                        fitness                         	                          size                          
   	      	--------------------------------------------------------	--------------------------------------------------------
gen	nevals	min     	max     	avg     	std     	min     	max     	avg     	std     
0  	100   	0       	0.759708	0.378723	0.267129	1       	5       	2.91    	1.12334 
1  	97    	0       	0.759708	0.457405	0.240781	1       	5       	2.71    	1.19411 
2  	96    	0       	0.759708	0.570732	0.146072	1       	5       	2.46    	1.09014 
3  	95    	0       	0.759708	0.587647	0.162227	1       	5       	2.62    	1.17286 
4  	89    	0.500125	0.763662	0.659521	0.0862004	1       	4       	2.27    	1.11225 
5  	94    	0       	0.763662	0.451847	0.322887 	1       	5       	2.13    	1.13715 
--- 43317.263330221176 sec ---
