   	      	                        fitness                         	                          size                          
   	      	--------------------------------------------------------	--------------------------------------------------------
gen	nevals	min     	max     	avg     	std     	min     	max     	avg     	std     
0  	100   	0       	0.92049 	0.553122	0.366674	1       	5       	2.78    	1.16258 
1  	91    	0       	0.92049 	0.695675	0.286772	1       	5       	2.65    	1.16082 
2  	93    	0       	0.92049 	0.753953	0.258557	1       	5       	2.56    	1.08    
3  	95    	0       	0.92049 	0.821725	0.162956	1       	5       	2.69    	1.09266 
4  	94    	0       	0.92049 	0.822446	0.187245	1       	5       	2.49    	1.09995 
5  	89    	0       	0.923407	0.807734	0.232246	1       	5       	2.53    	1.13539 
6  	94    	0       	0.930637	0.784065	0.270649	1       	5       	2.83    	1.16666 
7  	85    	0       	0.930637	0.79638 	0.256454	1       	5       	2.69    	1.11081 
8  	88    	0       	0.930637	0.814632	0.230334	1       	5       	2.59    	1.18402 
9  	87    	0       	0.936152	0.86619 	0.132978	1       	4       	2.31    	1.06485 
10 	88    	0       	0.943186	0.873738	0.129212	1       	5       	2.1     	1.06301 
11 	87    	0       	0.943186	0.869027	0.133433	1       	4       	2.04    	1.02879 
12 	89    	0       	0.943186	0.76803 	0.302285	1       	5       	2.15    	1.12583 
13 	87    	0       	0.943186	0.827837	0.216555	1       	5       	2.07    	0.982395
14 	85    	0       	0.943186	0.859469	0.160272	1       	5       	2.07    	0.982395
15 	88    	0       	0.943186	0.836594	0.219112	1       	4       	2.1     	1.05357 
16 	85    	0       	0.943186	0.79234 	0.273915	1       	4       	2.28    	1.09618 
17 	86    	0       	0.943186	0.836521	0.208357	1       	5       	2.35    	1.1694  
18 	97    	0       	0.943186	0.811892	0.259023	1       	5       	2.38    	1.13824 
19 	89    	0       	0.943186	0.829183	0.232583	1       	5       	2.39    	1.03822 
20 	88    	0       	0.943186	0.856346	0.181681	1       	4       	2.2     	1       
21 	89    	0       	0.943186	0.808987	0.258489	1       	5       	2.26    	1.04518 
22 	92    	0       	0.943186	0.841195	0.216851	1       	5       	2.27    	0.968039
23 	92    	0.5     	0.943186	0.88405 	0.075912	1       	4       	2.42    	0.961041
24 	83    	0       	0.943186	0.845   	0.219204	1       	4       	2.41    	0.849647
25 	88    	0       	0.943186	0.868767	0.161391	1       	5       	2.6     	0.948683
26 	94    	0       	0.943186	0.83752 	0.202966	1       	4       	2.51    	0.877439
27 	85    	0       	0.943186	0.831546	0.218776	1       	5       	2.72    	0.917388
28 	85    	0       	0.943186	0.837089	0.232146	1       	5       	2.38    	0.718053
29 	90    	0       	0.943186	0.862107	0.162553	1       	4       	2.51    	0.818474
30 	89    	0       	0.951985	0.840471	0.200713	1       	5       	2.69    	0.85668 
31 	92    	0       	0.951985	0.821008	0.233861	1       	5       	2.63    	0.820427
32 	96    	0       	0.951985	0.883622	0.0991057	1       	5       	2.69    	0.770649
33 	89    	0       	0.951985	0.830452	0.21665  	1       	5       	2.91    	0.849647
34 	84    	0       	0.951985	0.861062	0.158836 	1       	5       	3.02    	0.836421
35 	88    	0       	0.951985	0.776153	0.296161 	1       	5       	3.2     	0.894427
36 	93    	0       	0.951985	0.875011	0.138298 	2       	5       	3.12    	0.778203
37 	91    	0       	0.951985	0.851255	0.202385 	1       	5       	3.08    	0.820731
38 	92    	0       	0.951985	0.881639	0.129827 	1       	5       	3.2     	0.948683
39 	92    	0       	0.951985	0.85983 	0.179788 	1       	5       	3.17    	0.837317
40 	86    	0       	0.951985	0.815263	0.250944 	1       	5       	3.21    	0.816027
41 	89    	0       	0.951985	0.831884	0.23483  	2       	5       	3.22    	0.641561
42 	88    	0       	0.951985	0.857165	0.199564 	2       	5       	3.08    	0.611228
43 	92    	0       	0.951985	0.869084	0.139761 	1       	5       	3.09    	0.601581
44 	90    	0       	0.951985	0.860764	0.180828 	1       	5       	3.18    	0.669029
45 	92    	0       	0.951985	0.845   	0.201894 	1       	5       	3.1     	0.74162 
46 	94    	0       	0.951985	0.884413	0.106363 	1       	5       	3.04    	0.760526
47 	87    	0       	0.951985	0.839681	0.220969 	1       	5       	3.05    	0.71239 
48 	92    	0       	0.951985	0.859163	0.183343 	1       	5       	3.15    	0.653835
49 	96    	0       	0.951985	0.870549	0.162077 	1       	5       	3.13    	0.642729
50 	87    	0       	0.951985	0.877854	0.138089 	1       	5       	3.2     	0.678233
51 	94    	0       	0.951985	0.87155 	0.16038  	1       	4       	3.23    	0.645833
52 	95    	0       	0.958652	0.830185	0.25     	1       	5       	3.31    	0.70278 
53 	95    	0       	0.958652	0.869875	0.160871 	2       	4       	3.27    	0.597578
54 	96    	0.5     	0.958652	0.891074	0.0649129	1       	4       	3.28    	0.617738
55 	94    	0       	0.958652	0.807976	0.276308 	1       	5       	3.34    	0.681469
56 	97    	0       	0.958652	0.862425	0.183113 	1       	5       	3.28    	0.679412
57 	95    	0       	0.958652	0.814058	0.254292 	1       	5       	3.28    	0.66453 
58 	96    	0       	0.958652	0.861008	0.187905 	1       	5       	3.17    	0.762299
59 	90    	0       	0.961985	0.837056	0.219675 	1       	5       	3.41    	0.825772
60 	94    	0       	0.961985	0.864331	0.172771 	1       	5       	3.42    	0.838809
61 	95    	0       	0.961985	0.859112	0.190185 	1       	5       	3.38    	0.880682
62 	91    	0       	0.965319	0.869892	0.184477 	1       	5       	3.38    	0.834026
63 	90    	0       	0.965319	0.879943	0.160934 	2       	5       	3.47    	0.670149
64 	92    	0       	0.965319	0.858972	0.200917 	1       	5       	3.51    	0.741552
65 	91    	0       	0.965319	0.870912	0.166522 	1       	5       	3.44    	0.863944
66 	95    	0       	0.965319	0.841793	0.225242 	1       	5       	3.49    	0.830602
67 	97    	0       	0.965319	0.843833	0.219284 	1       	5       	3.49    	0.685493
68 	96    	0       	0.965319	0.862823	0.188665 	1       	5       	3.53    	0.793158
69 	97    	0       	0.965319	0.864464	0.201029 	1       	5       	3.44    	0.80399 
70 	95    	0       	0.965319	0.871543	0.16323  	1       	5       	3.39    	0.835404
71 	93    	0       	0.965319	0.841752	0.21043  	1       	5       	3.39    	0.823347
72 	92    	0       	0.965319	0.846728	0.221048 	1       	5       	3.21    	0.588133
73 	90    	0       	0.965319	0.883832	0.159167 	1       	5       	3.25    	0.668954
74 	91    	0       	0.965319	0.880847	0.142873 	1       	4       	3.26    	0.593633
75 	100   	0       	0.965319	0.847196	0.20119  	1       	4       	3.25    	0.726292
76 	99    	0       	0.965319	0.869774	0.142231 	1       	4       	3.23    	0.719097
77 	90    	0       	0.965319	0.876   	0.161028 	1       	4       	3.19    	0.716868
78 	92    	0       	0.965319	0.895296	0.0996779	2       	4       	3.34    	0.603656
79 	93    	0       	0.965319	0.825508	0.250461 	2       	5       	3.35    	0.653835
80 	93    	0       	0.965319	0.885219	0.133973 	1       	5       	3.3     	0.728011
81 	94    	0       	0.965319	0.884339	0.13965  	1       	5       	3.21    	0.765441
82 	96    	0       	0.965319	0.863101	0.190914 	1       	5       	3.27    	0.676092
83 	96    	0       	0.965319	0.842439	0.21766  	1       	5       	3.34    	0.635925
84 	96    	0       	0.965319	0.847538	0.211068 	1       	5       	3.27    	0.661135
85 	98    	0       	0.965319	0.853765	0.192035 	1       	5       	3.22    	0.742698
86 	95    	0       	0.965319	0.88045 	0.139952 	1       	4       	3.29    	0.65261 
87 	93    	0       	0.965319	0.857799	0.205945 	1       	4       	3.17    	0.735595
88 	95    	0       	0.965319	0.858899	0.221727 	1       	5       	3.26    	0.855804
89 	96    	0       	0.965319	0.880301	0.157628 	1       	5       	3.38    	0.612862
90 	97    	0       	0.965319	0.880392	0.142191 	1       	5       	3.33    	0.735595
91 	95    	0       	0.965319	0.861841	0.188779 	1       	4       	3.28    	0.735935
92 	91    	0       	0.965319	0.873795	0.161761 	1       	5       	3.28    	0.679412
93 	95    	0       	0.965319	0.882508	0.142712 	2       	4       	3.41    	0.584722
94 	100   	0       	0.965319	0.855439	0.221008 	1       	5       	3.31    	0.770649
95 	87    	0       	0.965319	0.865725	0.18573  	1       	5       	3.29    	0.791138
96 	93    	0       	0.965319	0.884107	0.12127  	1       	5       	3.42    	0.709648
97 	93    	0       	0.965319	0.84865 	0.223336 	1       	5       	3.34    	0.724155
98 	93    	0       	0.965319	0.879682	0.162129 	1       	5       	3.27    	0.719097
99 	93    	0       	0.965319	0.87465 	0.170564 	2       	5       	3.33    	0.584038
100	97    	0       	0.965319	0.844422	0.207501 	1       	5       	3.35    	0.638357
--- 16521.896146774292 sec ---
