   	      	                        fitness                         	                          size                          
   	      	--------------------------------------------------------	--------------------------------------------------------
gen	nevals	min     	max     	avg     	std     	min     	max     	avg     	std     
0  	100   	0       	0.750556	0.260063	0.241978	1       	4       	2.7     	1.04403 
1  	79    	0       	0.750556	0.355331	0.229247	1       	5       	2.76    	1.07815 
2  	85    	0       	0.750556	0.450709	0.208914	1       	4       	2.63    	1.02621 
3  	77    	0       	0.754259	0.445556	0.233099	1       	4       	2.75    	0.920598
4  	73    	0       	0.754259	0.487752	0.214866	1       	5       	2.64    	0.964572
5  	78    	0       	0.754259	0.539739	0.176256	1       	5       	2.57    	0.919293
6  	81    	0       	0.754259	0.573019	0.162748	1       	4       	2.35    	0.864581
7  	68    	0       	0.754259	0.587906	0.1855  	1       	4       	2.17    	0.825288
8  	83    	0       	0.754259	0.632324	0.158862	1       	4       	2.25    	0.920598
9  	71    	0       	0.75463 	0.640885	0.183954	1       	4       	2.21    	0.863655
10 	55    	0       	0.75463 	0.667461	0.171566	1       	5       	2.22    	0.933595
11 	61    	0       	0.75463 	0.676194	0.174747	1       	5       	2.26    	0.91236 
12 	58    	0       	0.75463 	0.642024	0.220955	1       	4       	2.32    	0.870402
13 	56    	0       	0.75463 	0.633261	0.236899	1       	4       	2.41    	0.895489
14 	47    	0       	0.75463 	0.6621  	0.210043	1       	4       	2.25    	0.779423
15 	45    	0       	0.75463 	0.675848	0.187429	1       	4       	2.23    	0.732871
16 	49    	0       	0.75463 	0.670267	0.196168	1       	4       	2.15    	0.653835
17 	66    	0       	0.75463 	0.649181	0.198961	1       	4       	2.19    	0.594895
18 	56    	0       	0.75463 	0.660535	0.19123 	1       	4       	2.15    	0.517204
19 	57    	0       	0.75463 	0.659946	0.181384	1       	5       	2.13    	0.541387
20 	45    	0       	0.75463 	0.679937	0.169864	1       	4       	2.28    	0.693974
21 	60    	0       	0.75463 	0.65745 	0.205936	1       	4       	2.14    	0.529528
22 	50    	0       	0.75463 	0.698469	0.153435	1       	4       	2.11    	0.397366
23 	38    	0       	0.75463 	0.712624	0.138229	2       	4       	2.09    	0.376696
24 	39    	0       	0.75463 	0.684193	0.190405	1       	4       	2.12    	0.474974
25 	51    	0       	0.765185	0.696937	0.171551	1       	4       	2.13    	0.482804
26 	43    	0       	0.765185	0.704831	0.142882	2       	5       	2.11    	0.44486 
27 	37    	0       	0.765185	0.673411	0.202244	2       	5       	2.18    	0.554617
28 	53    	0       	0.765185	0.662494	0.192011	1       	4       	2.09    	0.471063
29 	46    	0       	0.765185	0.705652	0.153151	1       	4       	2.17    	0.510979
30 	46    	0       	0.765185	0.700146	0.174022	1       	5       	2.15    	0.517204
31 	48    	0       	0.765185	0.68355 	0.18409 	2       	4       	2.21    	0.553082
32 	47    	0       	0.765185	0.708335	0.148143	1       	4       	2.07    	0.38092 
33 	49    	0       	0.765185	0.710587	0.149266	1       	4       	2.08    	0.391918
34 	56    	0       	0.765185	0.684078	0.179134	1       	4       	2.09    	0.449333
35 	66    	0       	0.765185	0.687469	0.191129	2       	4       	2.13    	0.439431
36 	48    	0       	0.765185	0.694919	0.172296	1       	5       	2.11    	0.507839
37 	46    	0.25    	0.765185	0.714076	0.11521 	1       	4       	2.08    	0.462169
38 	35    	0       	0.765185	0.71455 	0.145513	1       	3       	2       	0.141421
39 	46    	0       	0.765185	0.683633	0.195323	1       	4       	2.08    	0.44    
40 	46    	0       	0.765185	0.689111	0.173293	1       	5       	2.06    	0.48621 
41 	58    	0       	0.765185	0.662761	0.210952	1       	5       	2.14    	0.600333
42 	63    	0       	0.765185	0.695872	0.163655	1       	4       	2.08    	0.365513
43 	58    	0       	0.765185	0.656759	0.231707	1       	5       	2.09    	0.511762
44 	63    	0       	0.765185	0.617794	0.261478	1       	4       	2.19    	0.523355
45 	52    	0       	0.765185	0.671809	0.199662	1       	4       	2.2     	0.52915 
46 	55    	0       	0.765185	0.652887	0.226679	1       	4       	2.3     	0.685565
47 	52    	0.311667	0.765185	0.73353 	0.0876804	1       	4       	2.17    	0.548726
48 	56    	0       	0.765185	0.690135	0.194385 	1       	4       	2.29    	0.65261 
49 	50    	0       	0.765185	0.702839	0.170666 	1       	5       	2.22    	0.672012
50 	54    	0       	0.766852	0.654372	0.224707 	1       	4       	2.19    	0.560268
51 	48    	0       	0.766852	0.659248	0.225892 	1       	5       	2.2     	0.616441
52 	47    	0       	0.766852	0.668846	0.202881 	1       	4       	2.1     	0.5     
53 	57    	0       	0.766852	0.6977  	0.166863 	1       	5       	2.11    	0.507839
54 	39    	0       	0.766852	0.697363	0.181082 	1       	4       	2.03    	0.359305
55 	38    	0       	0.766852	0.717369	0.15278  	1       	4       	2.04    	0.28    
56 	33    	0       	0.766852	0.692509	0.188757 	1       	5       	2.1     	0.5     
57 	35    	0       	0.766852	0.674535	0.202071 	1       	5       	2.1     	0.519615
58 	40    	0       	0.766852	0.676094	0.200277 	1       	4       	2.09    	0.449333
59 	37    	0       	0.766852	0.694569	0.187575 	1       	4       	2.11    	0.397366
60 	40    	0       	0.766852	0.668254	0.219521 	2       	5       	2.24    	0.63435 
61 	55    	0       	0.766852	0.66487 	0.232435 	1       	5       	2.32    	0.785875
62 	61    	0       	0.766852	0.652785	0.239586 	1       	5       	2.23    	0.630159
63 	58    	0       	0.766852	0.684219	0.200022 	1       	4       	2.13    	0.482804
64 	58    	0       	0.766852	0.669554	0.210274 	1       	4       	2.16    	0.542586
65 	57    	0       	0.766852	0.652543	0.228914 	1       	5       	2.17    	0.600916
66 	50    	0       	0.766852	0.657365	0.223917 	1       	4       	2.17    	0.584038
67 	63    	0       	0.766852	0.625419	0.249751 	1       	4       	2.09    	0.449333
68 	49    	0       	0.766852	0.670717	0.19969  	1       	4       	2.05    	0.384057
69 	43    	0       	0.766852	0.700207	0.178181 	1       	4       	2.05    	0.357071
70 	31    	0       	0.766852	0.700241	0.160931 	1       	4       	2.08    	0.337046
71 	45    	0       	0.766852	0.663291	0.227257 	1       	4       	2.11    	0.421782
72 	41    	0       	0.766852	0.697628	0.170692 	2       	4       	2.07    	0.353695
73 	48    	0       	0.766852	0.645763	0.256115 	1       	4       	2.1     	0.458258
74 	32    	0       	0.766852	0.69077 	0.196381 	1       	4       	2.06    	0.42    
75 	32    	0       	0.766852	0.677272	0.207002 	1       	5       	2.1     	0.5     
76 	30    	0       	0.766852	0.697524	0.172214 	2       	4       	2.09    	0.376696
77 	17    	0       	0.766852	0.711519	0.174517 	2       	4       	2.06    	0.341174
78 	31    	0       	0.766852	0.696043	0.188888 	1       	4       	2.07    	0.353695
79 	28    	0       	0.766852	0.652426	0.237293 	1       	3       	2.01    	0.172916
80 	32    	0       	0.766852	0.684531	0.202197 	2       	4       	2.1     	0.412311
81 	31    	0       	0.767037	0.694524	0.195385 	2       	4       	2.11    	0.421782
82 	38    	0       	0.767037	0.685435	0.204657 	1       	4       	2.16    	0.504381
83 	30    	0       	0.767037	0.69052 	0.194076 	1       	4       	2.05    	0.327872
84 	27    	0       	0.767037	0.695139	0.193956 	1       	5       	2.1     	0.458258
85 	30    	0       	0.767037	0.681544	0.197773 	1       	4       	2.06    	0.369324
86 	28    	0       	0.767037	0.676944	0.217522 	1       	4       	2.13    	0.482804
87 	30    	0       	0.767037	0.702698	0.180117 	2       	5       	2.09    	0.402368
88 	36    	0       	0.767037	0.668761	0.223667 	1       	4       	2.08    	0.416653
89 	33    	0       	0.767037	0.70638 	0.158247 	1       	3       	1.99    	0.223383
90 	39    	0       	0.767037	0.69932 	0.16655  	1       	4       	2.1     	0.43589 
91 	29    	0       	0.767037	0.725243	0.139048 	1       	4       	2.06    	0.310483
92 	23    	0       	0.767037	0.688363	0.196649 	1       	4       	2.05    	0.295804
93 	22    	0       	0.767037	0.698091	0.168505 	1       	3       	2.05    	0.295804
94 	31    	0       	0.767037	0.651978	0.226092 	1       	5       	2.13    	0.541387
95 	31    	0       	0.767037	0.687854	0.184136 	1       	4       	2.1     	0.5     
96 	23    	0       	0.767037	0.699294	0.185965 	1       	5       	2.16    	0.578273
97 	18    	0       	0.767037	0.701194	0.192303 	1       	5       	2.09    	0.471063
98 	24    	0       	0.777037	0.683109	0.21203  	2       	5       	2.09    	0.426497
99 	17    	0       	0.777037	0.709143	0.168411 	1       	4       	2.03    	0.298496
100	30    	0       	0.777037	0.664002	0.221999 	1       	5       	2.16    	0.628013
--- 2256.11288022995 sec ---
