   	      	                        fitness                         	                          size                          
   	      	--------------------------------------------------------	--------------------------------------------------------
gen	nevals	min     	max     	avg     	std     	min     	max     	avg     	std     
0  	100   	0       	0.797238	0.46953 	0.228581	1       	5       	2.92    	1.03615 
1  	96    	0       	0.799901	0.552119	0.168089	1       	5       	2.95    	0.99373 
2  	95    	0       	0.823026	0.588303	0.180412	1       	5       	3.17    	0.917115
3  	91    	0       	0.843939	0.576365	0.219202	1       	5       	3.19    	0.844926
4  	96    	0       	0.85107 	0.600632	0.207517	1       	5       	3.14    	0.848764
5  	91    	0       	0.86647 	0.598954	0.233028	1       	5       	3.28    	0.800999
6  	98    	0       	0.86647 	0.617427	0.22921 	1       	5       	2.98    	0.87155 
7  	97    	0       	0.86647 	0.242045	0.33328 	1       	5       	3.04    	0.904655
--- 3611.6738884449005 sec ---
