   	      	                        fitness                         	                          size                          
   	      	--------------------------------------------------------	--------------------------------------------------------
gen	nevals	min     	max     	avg      	std     	min     	max     	avg     	std     
0  	100   	0       	0.616921	0.0211401	0.104067	1       	5       	2.76    	1.24193 
1  	96    	0       	0.616921	0.0437544	0.1488  	1       	5       	2.77    	1.25583 
2  	94    	0       	0.616921	0.0615723	0.175567	1       	5       	3.01    	1.27668 
3  	97    	0       	0.617833	0.129952 	0.232144	1       	5       	3.41    	0.939095
4  	100   	0       	0.667929	0.101884 	0.211625	1       	5       	3.43    	0.940798
5  	94    	0       	0.667929	0.144435 	0.244845	1       	5       	3.48    	1.0245  
6  	95    	0       	0.667929	0.186529 	0.267754	1       	5       	3.69    	0.833007
7  	95    	0       	0.667929	0.280492 	0.288598	1       	5       	3.77    	0.719097
8  	96    	0       	0.667929	0.284275 	0.291791	1       	5       	3.81    	0.594895
9  	95    	0       	0.667929	0.334652 	0.287155	1       	5       	3.7     	0.754983
10 	98    	0       	0.667929	0.446577 	0.241056	2       	5       	3.82    	0.536284
11 	96    	0       	0.667929	0.425173 	0.255098	2       	5       	3.81    	0.523355
12 	96    	0       	0.667929	0.500046 	0.222226	1       	5       	3.78    	0.656963
13 	99    	0       	0.667929	0.485466 	0.245767	1       	5       	3.82    	0.589576
14 	96    	0       	0.667929	0.434262 	0.273411	1       	4       	3.75    	0.653835
15 	97    	0       	0.667929	0.449562 	0.269034	1       	5       	3.85    	0.606218
16 	99    	0       	0.667929	0.496448 	0.243439	1       	5       	3.92    	0.483322
17 	96    	0       	0.667929	0.453002 	0.271032	1       	5       	3.84    	0.560714
18 	98    	0       	0.667929	0.42754  	0.276628	1       	4       	3.74    	0.687314
19 	92    	0       	0.683484	0.455969 	0.261012	1       	5       	3.69    	0.730685
20 	96    	0       	0.689182	0.430754 	0.278969	1       	5       	3.78    	0.575847
21 	96    	0       	0.689182	0.474967 	0.250345	1       	5       	3.8     	0.632456
22 	95    	0       	0.689182	0.463074 	0.258078	2       	4       	3.78    	0.501597
23 	98    	0       	0.689182	0.492227 	0.242874	2       	4       	3.88    	0.354401
24 	97    	0       	0.702075	0.446836 	0.28108 	1       	4       	3.75    	0.622495
25 	91    	0       	0.702075	0.479334 	0.264798	1       	4       	3.8     	0.565685
26 	100   	0       	0.702075	0.470206 	0.267876	1       	4       	3.78    	0.62578 
27 	98    	0       	0.702075	0.528651 	0.226904	1       	4       	3.9     	0.412311
28 	93    	0       	0.702075	0.480081 	0.26651 	1       	4       	3.8     	0.52915 
29 	99    	0       	0.702075	0.498079 	0.253422	1       	5       	3.81    	0.627615
30 	97    	0       	0.702075	0.505127 	0.24901 	1       	5       	3.87    	0.461628
31 	93    	0       	0.702075	0.496621 	0.253278	1       	4       	3.87    	0.461628
32 	93    	0       	0.702075	0.469433 	0.275254	1       	5       	3.82    	0.572364
33 	95    	0       	0.70311 	0.472176 	0.269888	1       	5       	3.86    	0.510294
34 	95    	0       	0.70311 	0.458411 	0.269424	1       	4       	3.8     	0.583095
35 	96    	0       	0.70311 	0.466569 	0.266652	1       	4       	3.91    	0.376696
36 	93    	0       	0.70311 	0.443471 	0.280824	2       	4       	3.89    	0.371349
37 	99    	0       	0.70311 	0.468048 	0.261328	1       	4       	3.85    	0.517204
38 	97    	0       	0.70311 	0.431774 	0.274414	1       	4       	3.76    	0.63435 
39 	96    	0       	0.70311 	0.458182 	0.26286 	2       	5       	3.84    	0.484149
40 	96    	0       	0.70311 	0.443072 	0.274549	1       	5       	3.8     	0.632456
41 	96    	0       	0.70311 	0.498964 	0.233549	1       	4       	3.8     	0.616441
42 	95    	0       	0.70311 	0.453456 	0.273737	1       	4       	3.79    	0.604897
43 	93    	0       	0.70311 	0.450435 	0.265279	1       	4       	3.84    	0.504381
44 	96    	0       	0.70311 	0.412584 	0.281808	1       	5       	3.73    	0.645833
45 	97    	0       	0.70311 	0.425833 	0.277312	2       	4       	3.79    	0.475289
46 	98    	0       	0.70311 	0.453748 	0.273242	1       	4       	3.88    	0.430813
47 	95    	0       	0.70311 	0.49575  	0.231754	1       	5       	3.88    	0.474974
48 	97    	0       	0.70311 	0.454761 	0.266881	1       	5       	3.81    	0.643351
49 	96    	0       	0.70311 	0.521461 	0.216947	2       	5       	3.87    	0.461628
50 	94    	0       	0.70311 	0.494017 	0.250773	1       	4       	3.81    	0.560268
51 	94    	0       	0.70311 	0.498278 	0.253627	1       	4       	3.84    	0.504381
52 	99    	0       	0.70311 	0.460761 	0.264037	1       	4       	3.83    	0.584038
53 	93    	0       	0.70311 	0.466424 	0.253727	2       	5       	3.9     	0.387298
54 	91    	0       	0.70311 	0.50666  	0.2202  	1       	4       	3.85    	0.497494
55 	96    	0       	0.70311 	0.501549 	0.241116	1       	4       	3.85    	0.47697 
56 	97    	0       	0.702075	0.416013 	0.289216	1       	5       	3.78    	0.592959
57 	92    	0       	0.702075	0.399365 	0.284438	1       	5       	3.8     	0.616441
58 	98    	0       	0.702075	0.422653 	0.280039	1       	4       	3.79    	0.621208
59 	97    	0       	0.702075	0.440097 	0.277868	1       	5       	3.8     	0.565685
60 	96    	0       	0.702075	0.469154 	0.259781	1       	4       	3.75    	0.68374 
61 	95    	0       	0.702075	0.477351 	0.257751	1       	4       	3.79    	0.570877
62 	91    	0       	0.702075	0.483512 	0.252825	1       	5       	3.84    	0.560714
63 	91    	0       	0.702075	0.48138  	0.252738	1       	5       	3.89    	0.466798
64 	94    	0       	0.702075	0.433718 	0.275555	1       	5       	3.87    	0.461628
65 	92    	0       	0.702075	0.391418 	0.279886	1       	5       	3.75    	0.622495
66 	96    	0       	0.702075	0.482227 	0.239759	1       	5       	3.84    	0.578273
67 	95    	0       	0.702075	0.479279 	0.237813	1       	4       	3.82    	0.554617
68 	94    	0       	0.702075	0.473007 	0.249578	1       	4       	3.82    	0.497594
69 	95    	0       	0.702075	0.448469 	0.269979	1       	4       	3.81    	0.560268
70 	93    	0       	0.702075	0.48456  	0.241182	1       	4       	3.79    	0.604897
71 	98    	0       	0.702075	0.440722 	0.272263	1       	4       	3.78    	0.592959
72 	97    	0       	0.702075	0.4571   	0.261484	2       	5       	3.87    	0.482804
73 	93    	0       	0.702075	0.464572 	0.265756	1       	5       	3.82    	0.6063  
74 	96    	0       	0.702075	0.433672 	0.280855	1       	5       	3.83    	0.584038
75 	96    	0       	0.702075	0.433141 	0.286967	2       	5       	3.89    	0.44486 
76 	94    	0       	0.702075	0.406794 	0.295465	1       	4       	3.7     	0.640312
77 	95    	0       	0.702075	0.439498 	0.284536	1       	4       	3.73    	0.614085
78 	93    	0       	0.702075	0.447199 	0.276086	1       	4       	3.76    	0.68    
79 	95    	0       	0.702075	0.500892 	0.224956	1       	4       	3.8     	0.632456
80 	94    	0       	0.702075	0.515653 	0.213982	2       	4       	3.92    	0.305941
81 	94    	0       	0.702075	0.526841 	0.209375	1       	4       	3.88    	0.453431
82 	95    	0       	0.702075	0.510461 	0.220199	1       	4       	3.86    	0.510294
83 	96    	0       	0.702075	0.495409 	0.244036	1       	5       	3.87    	0.482804
84 	93    	0       	0.702075	0.494579 	0.250725	1       	4       	3.87    	0.52259 
85 	96    	0       	0.702075	0.479633 	0.258423	1       	4       	3.84    	0.504381
86 	94    	0       	0.702075	0.468852 	0.253655	1       	4       	3.76    	0.63435 
87 	95    	0       	0.702075	0.489514 	0.242954	2       	4       	3.87    	0.439431
88 	93    	0       	0.702075	0.47941  	0.25254 	1       	4       	3.88    	0.453431
89 	93    	0       	0.702075	0.509411 	0.228517	1       	4       	3.81    	0.611474
90 	97    	0       	0.702075	0.169793 	0.280369	1       	4       	3.85    	0.47697 
--- 21600.66913151741 sec ---
