   	      	                        fitness                         	                          size                          
   	      	--------------------------------------------------------	--------------------------------------------------------
gen	nevals	min     	max     	avg     	std     	min     	max     	avg     	std     
0  	100   	0       	0.797081	0.444444	0.242598	1       	5       	2.66    	1.19348 
1  	77    	0       	0.797081	0.505358	0.212795	1       	5       	2.43    	1.20212 
2  	80    	0       	0.797081	0.585711	0.132128	1       	5       	2.25    	1.14346 
3  	78    	0       	0.797081	0.585332	0.156608	1       	5       	2.38    	1.17286 
4  	74    	0       	0.853298	0.623881	0.129778	1       	5       	2.28    	1.2254  
5  	76    	0       	0.853298	0.63588 	0.146866	1       	5       	2.29    	1.26724 
6  	66    	0       	0.853298	0.666416	0.168131	1       	5       	2.77    	1.3918  
7  	66    	0       	0.853298	0.445295	0.346928	1       	5       	2.8     	1.33417 
--- 3603.9777250289917 sec ---
