   	      	                        fitness                         	                          size                          
   	      	--------------------------------------------------------	--------------------------------------------------------
gen	nevals	min     	max     	avg     	std     	min     	max     	avg     	std     
0  	100   	0       	0.597193	0.213703	0.200314	1       	5       	2.57    	1.14241 
1  	83    	0       	0.597193	0.301512	0.199148	1       	5       	2.32    	1.01863 
2  	80    	0       	0.597193	0.383948	0.170096	1       	5       	2.28    	1.10526 
3  	77    	0       	0.597193	0.453199	0.148816	1       	5       	2.25    	1.08051 
4  	81    	0       	0.597193	0.445139	0.18653 	1       	4       	2.27    	1.1212  
5  	68    	0       	0.597193	0.465307	0.167263	1       	4       	2.32    	1.10345 
6  	70    	0       	0.597193	0.489224	0.151312	1       	4       	2.32    	1.05717 
7  	68    	0       	0.597193	0.484569	0.173169	1       	4       	2.44    	1.06132 
8  	64    	0       	0.597193	0.499649	0.157761	1       	4       	2.35    	1.09886 
9  	74    	0       	0.597193	0.51122 	0.15962 	1       	4       	2.23    	1.13009 
10 	61    	0       	0.597193	0.523701	0.144505	1       	4       	2.28    	1.08701 
11 	71    	0       	0.597193	0.503397	0.174711	1       	4       	2.35    	1.16082 
12 	72    	0       	0.597193	0.505128	0.172347	1       	5       	2.65    	1.12583 
13 	64    	0       	0.597193	0.517995	0.168287	1       	4       	2.68    	1.09435 
14 	64    	0       	0.597193	0.495549	0.187479	1       	5       	2.35    	1.11692 
15 	51    	0       	0.597193	0.545525	0.124332	1       	5       	2.3     	1.01489 
16 	56    	0       	0.597193	0.535739	0.157082	1       	4       	2.12    	0.851822
17 	59    	0       	0.597202	0.538557	0.162286	1       	4       	2.13    	0.757034
18 	52    	0       	0.59751 	0.54422 	0.143587	1       	5       	2.06    	0.785111
19 	45    	0       	0.597202	0.533321	0.157115	1       	5       	2       	0.707107
20 	47    	0       	0.597202	0.552002	0.13537 	1       	4       	1.89    	0.630793
21 	30    	0       	0.597202	0.542974	0.146392	1       	4       	1.78    	0.60959 
22 	46    	0       	0.597202	0.535651	0.149713	1       	4       	1.8     	0.632456
23 	50    	0       	0.59751 	0.55256 	0.141227	1       	5       	1.77    	0.676092
24 	56    	0       	0.605172	0.546536	0.137456	1       	4       	1.79    	0.65261 
25 	58    	0       	0.605172	0.553094	0.133347	1       	4       	1.9     	0.685565
26 	63    	0       	0.605172	0.543716	0.13928 	1       	4       	1.86    	0.663626
27 	60    	0       	0.605172	0.550413	0.138882	1       	4       	1.81    	0.577841
28 	56    	0       	0.605172	0.568689	0.104437	1       	5       	1.81    	0.542125
29 	55    	0       	0.605172	0.527576	0.160803	1       	4       	1.93    	0.587452
30 	57    	0       	0.605172	0.550363	0.133908	1       	4       	1.95    	0.572276
31 	62    	0       	0.605172	0.538998	0.15496 	1       	4       	2.06    	0.596992
32 	64    	0       	0.605172	0.549311	0.137272	1       	4       	1.95    	0.47697 
33 	65    	0       	0.605172	0.546014	0.140534	1       	4       	1.96    	0.467333
34 	76    	0       	0.605172	0.529854	0.164814	1       	4       	2.07    	0.552359
35 	74    	0       	0.605172	0.560359	0.126147	1       	4       	2       	0.374166
36 	59    	0       	0.605172	0.572289	0.105271	1       	4       	1.98    	0.423792
37 	67    	0       	0.605172	0.531299	0.16966 	1       	5       	2.11    	0.691303
38 	55    	0       	0.605172	0.521826	0.183449	1       	5       	2.2     	0.812404
39 	46    	0       	0.605172	0.53096 	0.167812	1       	4       	1.91    	0.491833
40 	50    	0       	0.605172	0.555032	0.133181	1       	4       	1.99    	0.608194
41 	44    	0       	0.605172	0.530925	0.176543	1       	5       	1.97    	0.699357
42 	47    	0       	0.605172	0.537451	0.171611	1       	5       	2.03    	0.699357
43 	44    	0       	0.605172	0.560101	0.133406	1       	4       	2.02    	0.423792
44 	54    	0       	0.605172	0.516023	0.183969	1       	4       	2.15    	0.53619 
45 	50    	0       	0.605172	0.541484	0.159495	1       	5       	2.16    	0.560714
46 	45    	0       	0.605172	0.570103	0.0989963	1       	4       	2.03    	0.434856
47 	42    	0       	0.605172	0.555918	0.131598 	1       	4       	2.11    	0.545802
48 	47    	0       	0.605172	0.572173	0.122833 	1       	5       	2.09    	0.511762
49 	52    	0       	0.605172	0.569516	0.110256 	1       	4       	2.06    	0.48621 
50 	50    	0       	0.605172	0.558796	0.126632 	1       	4       	2.03    	0.386135
51 	42    	0       	0.605172	0.54083 	0.149822 	1       	4       	2.12    	0.587878
52 	38    	0       	0.605172	0.549795	0.154212 	1       	4       	2.06    	0.48621 
53 	56    	0       	0.605172	0.528643	0.170825 	1       	4       	2.12    	0.474974
54 	58    	0       	0.605172	0.541928	0.15271  	1       	4       	2.14    	0.469468
55 	57    	0       	0.605172	0.566817	0.12555  	2       	5       	2.07    	0.353695
56 	42    	0       	0.605172	0.560171	0.128624 	2       	5       	2.12    	0.453431
57 	57    	0       	0.605172	0.551706	0.14422  	2       	5       	2.15    	0.554527
58 	52    	0       	0.605172	0.533741	0.170118 	1       	5       	2.13    	0.541387
59 	44    	0       	0.605172	0.53601 	0.172006 	1       	4       	2.12    	0.49558 
60 	59    	0       	0.605172	0.545632	0.162662 	1       	4       	2.16    	0.542586
61 	45    	0       	0.605172	0.541483	0.164944 	1       	5       	2.14    	0.529528
62 	61    	0       	0.605172	0.570992	0.107099 	2       	4       	2.08    	0.365513
63 	55    	0       	0.605172	0.553536	0.142164 	1       	4       	2.09    	0.402368
64 	50    	0       	0.605172	0.548966	0.150311 	1       	4       	2.05    	0.295804
65 	50    	0       	0.605172	0.563435	0.133341 	1       	4       	2.08    	0.391918
66 	54    	0       	0.605172	0.543585	0.151636 	1       	4       	2.07    	0.406325
67 	52    	0       	0.605172	0.549106	0.14257  	1       	4       	2.06    	0.42    
68 	43    	0       	0.605172	0.553484	0.144451 	1       	4       	2.07    	0.430232
69 	53    	0       	0.605172	0.518075	0.188117 	1       	4       	2.15    	0.53619 
70 	60    	0       	0.605172	0.539357	0.158145 	1       	4       	2.12    	0.474974
71 	52    	0       	0.605172	0.55326 	0.149949 	1       	4       	2.07    	0.45288 
72 	53    	0       	0.605172	0.562335	0.136013 	1       	5       	2.06    	0.544426
73 	52    	0.10002 	0.605172	0.563802	0.108921 	1       	4       	2.05    	0.47697 
74 	56    	0       	0.605172	0.567657	0.113749 	1       	5       	2.04    	0.445421
75 	56    	0       	0.605172	0.561232	0.124219 	1       	4       	1.98    	0.345832
76 	51    	0       	0.605172	0.547652	0.145208 	1       	4       	1.95    	0.357071
77 	49    	0       	0.605172	0.553313	0.143058 	1       	5       	2.01    	0.479479
78 	42    	0       	0.605172	0.57191 	0.107408 	1       	4       	2       	0.424264
79 	52    	0       	0.605172	0.571204	0.11231  	1       	4       	2.06    	0.48621 
80 	55    	0       	0.605172	0.561724	0.128849 	1       	4       	2.08    	0.627375
81 	57    	0       	0.605172	0.539208	0.160632 	1       	5       	2       	0.616441
82 	48    	0.105053	0.605172	0.574155	0.0909201	1       	4       	1.97    	0.573672
83 	57    	0       	0.605172	0.406809	0.27872  	1       	5       	2.08    	0.673498
--- 3600.5768649578094 sec ---
