   	      	                        fitness                         	                          size                          
   	      	--------------------------------------------------------	--------------------------------------------------------
gen	nevals	min     	max     	avg     	std     	min     	max     	avg     	std     
0  	100   	0       	0.761333	0.198749	0.241124	1       	5       	2.76    	1.24193 
1  	98    	0       	0.776267	0.300067	0.244502	1       	4       	2.27    	1.18199 
2  	91    	0       	0.776333	0.359018	0.234857	1       	5       	2.28    	1.16688 
3  	91    	0       	0.7834  	0.416607	0.258916	1       	5       	2.3     	1.22882 
4  	90    	0       	0.783533	0.422547	0.284182	1       	5       	2.49    	1.35274 
5  	95    	0       	0.7834  	0.428964	0.305681	1       	5       	2.67    	1.217   
--- 21630.05440378189 sec ---
