   	      	                        fitness                         	                          size                          
   	      	--------------------------------------------------------	--------------------------------------------------------
gen	nevals	min     	max     	avg     	std     	min     	max     	avg     	std     
0  	100   	0       	0.718694	0.417563	0.275659	1       	5       	2.78    	1.16258 
1  	69    	0       	0.721681	0.550099	0.191944	1       	4       	2.64    	1.0632  
2  	85    	0       	0.721681	0.584105	0.199312	1       	5       	2.7     	0.994987
3  	72    	0       	0.721681	0.582555	0.225583	1       	5       	2.82    	0.920652
4  	76    	0       	0.721681	0.570529	0.247481	1       	5       	2.69    	0.945463
5  	75    	0       	0.721681	0.632547	0.195142	1       	5       	2.64    	0.974885
6  	77    	0       	0.722671	0.60362 	0.230893	1       	5       	2.6     	1.10454 
7  	64    	0       	0.735616	0.656398	0.182816	1       	5       	2.46    	0.94255 
8  	76    	0       	0.735616	0.679134	0.126955	1       	4       	2.28    	0.928224
9  	77    	0       	0.735616	0.652959	0.174375	1       	5       	2.35    	0.90967 
10 	65    	0       	0.735616	0.637906	0.196706	1       	4       	2.3     	0.877496
11 	63    	0       	0.735616	0.679533	0.129488	1       	4       	2.18    	0.898666
12 	62    	0       	0.735616	0.644229	0.20483 	1       	5       	2.31    	1.00693 
13 	60    	0       	0.735616	0.675931	0.145675	1       	5       	2.26    	0.91236 
14 	69    	0       	0.736626	0.62525 	0.206215	1       	4       	2.27    	0.914932
15 	56    	0       	0.736626	0.646887	0.174482	1       	4       	2.16    	0.88    
16 	61    	0       	0.736626	0.648418	0.174181	1       	5       	2.13    	0.923634
17 	50    	0       	0.736626	0.674875	0.113717	1       	4       	2.06    	0.925419
18 	64    	0       	0.736626	0.667255	0.132922	1       	4       	2.23    	0.936536
19 	43    	0       	0.736626	0.682197	0.114265	1       	4       	2.06    	0.745922
20 	47    	0       	0.736626	0.670666	0.135814	1       	4       	2.14    	0.648383
21 	41    	0       	0.736626	0.67197 	0.162234	1       	4       	2.24    	0.763151
22 	52    	0       	0.744981	0.659753	0.187789	1       	4       	2.36    	0.755248
23 	46    	0       	0.744981	0.687236	0.11683 	1       	4       	2.44    	0.739189
24 	42    	0       	0.744981	0.638113	0.200709	1       	4       	2.42    	0.763937
25 	54    	0       	0.744981	0.657092	0.190584	1       	4       	2.39    	0.719653
26 	54    	0       	0.744981	0.682135	0.151357	1       	4       	2.38    	0.66    
27 	68    	0       	0.744981	0.663649	0.1904  	2       	4       	2.44    	0.697424
28 	60    	0       	0.744981	0.670235	0.167546	1       	4       	2.28    	0.584466
29 	46    	0       	0.744981	0.710213	0.111032	1       	4       	2.36    	0.591946
30 	45    	0       	0.744981	0.658604	0.203608	1       	5       	2.31    	0.611474
31 	53    	0       	0.744981	0.655135	0.211727	1       	4       	2.39    	0.545802
32 	47    	0       	0.744981	0.629037	0.248003	1       	4       	2.41    	0.601581
33 	39    	0       	0.744981	0.664043	0.202868	1       	5       	2.44    	0.652993
34 	39    	0       	0.744981	0.669644	0.202364	1       	4       	2.43    	0.604235
35 	50    	0       	0.744981	0.647124	0.222567	1       	5       	2.48    	0.670522
36 	34    	0       	0.744981	0.647013	0.231873	1       	4       	2.39    	0.545802
37 	32    	0       	0.744981	0.690149	0.154163	1       	4       	2.29    	0.534696
38 	32    	0       	0.744981	0.665484	0.193589	1       	4       	2.23    	0.526403
39 	29    	0       	0.744981	0.691241	0.166102	1       	4       	2.23    	0.526403
40 	27    	0       	0.745103	0.696854	0.151496	1       	4       	2.23    	0.545069
41 	20    	0       	0.745103	0.700597	0.137179	1       	4       	2.16    	0.504381
42 	33    	0       	0.745103	0.662392	0.2041  	1       	4       	2.19    	0.542125
43 	38    	0       	0.745103	0.69025 	0.152291	1       	4       	2.24    	0.51225 
44 	35    	0       	0.745103	0.683245	0.17928 	1       	4       	2.27    	0.486929
45 	40    	0       	0.745103	0.700034	0.135239	2       	4       	2.26    	0.482079
46 	37    	0       	0.745103	0.694466	0.151107	1       	5       	2.34    	0.62    
47 	45    	0       	0.74542 	0.660524	0.204256	2       	4       	2.35    	0.53619 
48 	50    	0       	0.745103	0.687913	0.153758	1       	4       	2.36    	0.538888
49 	37    	0       	0.745103	0.701926	0.134671	1       	4       	2.25    	0.53619 
50 	45    	0       	0.745103	0.688656	0.16672 	1       	4       	2.21    	0.475289
51 	37    	0       	0.745103	0.684477	0.178993	2       	5       	2.29    	0.604897
52 	46    	0       	0.745103	0.707241	0.13157 	1       	4       	2.2     	0.509902
53 	42    	0       	0.745103	0.665008	0.204342	1       	5       	2.15    	0.497494
54 	50    	0       	0.745103	0.67414 	0.167997	1       	4       	2.14    	0.548088
55 	38    	0       	0.745103	0.700213	0.119447	1       	4       	2.14    	0.469468
56 	42    	0       	0.745103	0.689768	0.150796	1       	4       	2.2     	0.509902
57 	36    	0       	0.745103	0.679855	0.168499	1       	5       	2.25    	0.622495
58 	31    	0       	0.745103	0.703147	0.149927	2       	5       	2.23    	0.50705 
59 	35    	0       	0.745103	0.66302 	0.203178	1       	5       	2.28    	0.601332
60 	44    	0       	0.745879	0.669505	0.182789	1       	5       	2.27    	0.614085
61 	33    	0       	0.745879	0.711226	0.0947313	1       	4       	2.25    	0.517204
62 	47    	0       	0.745879	0.685016	0.166104 	1       	4       	2.21    	0.453762
63 	38    	0       	0.745879	0.669169	0.181637 	1       	4       	2.29    	0.534696
64 	46    	0       	0.745879	0.664119	0.203359 	2       	5       	2.26    	0.502394
65 	35    	0       	0.745879	0.662988	0.193448 	1       	4       	2.23    	0.50705 
66 	48    	0       	0.745879	0.68755 	0.139772 	1       	5       	2.23    	0.597578
67 	36    	0       	0.745879	0.687237	0.155359 	1       	4       	2.11    	0.44486 
68 	36    	0       	0.745879	0.654381	0.214172 	1       	5       	2.25    	0.653835
69 	50    	0       	0.745879	0.698803	0.10007  	1       	4       	2.17    	0.530189
70 	36    	0       	0.745879	0.695826	0.13793  	1       	4       	2.12    	0.430813
71 	51    	0       	0.745879	0.703711	0.136684 	1       	4       	2.14    	0.469468
72 	47    	0       	0.745879	0.677827	0.181373 	1       	4       	2.12    	0.430813
73 	40    	0       	0.745879	0.700044	0.151422 	1       	4       	2.11    	0.44486 
74 	37    	0       	0.745879	0.727014	0.0829208	2       	4       	2.09    	0.349142
75 	27    	0       	0.745879	0.713494	0.116615 	2       	4       	2.11    	0.397366
76 	24    	0       	0.745879	0.707386	0.135466 	1       	4       	2.08    	0.365513
77 	30    	0       	0.745879	0.7067  	0.149287 	1       	4       	2.1     	0.43589 
78 	25    	0       	0.745879	0.714841	0.114442 	1       	4       	2.03    	0.330303
79 	36    	0       	0.745879	0.683247	0.168476 	1       	5       	2.11    	0.545802
80 	38    	0       	0.745879	0.695471	0.138265 	1       	4       	2.03    	0.386135
81 	30    	0       	0.745879	0.666413	0.203444 	1       	4       	2.07    	0.430232
82 	24    	0       	0.745879	0.725019	0.0843318	2       	4       	2.05    	0.295804
83 	27    	0       	0.745879	0.719009	0.109432 	2       	5       	2.07    	0.38092 
84 	24    	0       	0.745879	0.686089	0.180073 	1       	5       	2.11    	0.507839
85 	37    	0       	0.745879	0.69238 	0.124337 	1       	4       	2.07    	0.406325
86 	40    	0       	0.745879	0.708508	0.0978436	1       	4       	2.06    	0.395474
87 	37    	0       	0.745879	0.688373	0.153928 	1       	4       	2.03    	0.359305
88 	43    	0       	0.745879	0.685252	0.155585 	1       	4       	2.1     	0.5     
89 	42    	0       	0.745879	0.699555	0.137602 	1       	5       	2.11    	0.581292
90 	39    	0       	0.745879	0.703627	0.133722 	2       	5       	2.12    	0.453431
91 	27    	0       	0.745879	0.708755	0.118556 	1       	4       	2.05    	0.357071
92 	39    	0       	0.745879	0.700393	0.15149  	1       	4       	2.06    	0.341174
93 	36    	0       	0.745879	0.687652	0.138999 	1       	4       	2.13    	0.50309 
94 	43    	0       	0.745879	0.704543	0.0984836	1       	5       	2.18    	0.6063  
95 	41    	0       	0.745879	0.681409	0.169553 	1       	5       	2.14    	0.566039
96 	44    	0       	0.745879	0.700138	0.121157 	1       	4       	2.04    	0.313688
97 	50    	0       	0.745879	0.710864	0.0943314	1       	4       	2.04    	0.313688
98 	46    	0       	0.745879	0.688066	0.154016 	1       	4       	1.99    	0.299833
99 	49    	0       	0.745879	0.703299	0.115597 	1       	4       	2.08    	0.365513
100	45    	0       	0.745879	0.710544	0.0929564	1       	4       	2.09    	0.471063
--- 3052.402225971222 sec ---
