   	      	                        fitness                         	                          size                          
   	      	--------------------------------------------------------	--------------------------------------------------------
gen	nevals	min     	max     	avg     	std     	min     	max     	avg     	std     
0  	100   	0       	0.197488	0.053873	0.059935	1       	5       	2.91    	1.12334 
1  	74    	0       	0.197488	0.0869271	0.0569761	1       	5       	2.5     	1.19583 
2  	82    	0       	0.197488	0.105945 	0.0558303	1       	5       	2.13    	1.18874 
3  	83    	0       	0.197591	0.123918 	0.0508254	1       	5       	2.07    	1.21865 
4  	71    	0       	0.197591	0.144444 	0.0398093	1       	5       	2.05    	1.14346 
5  	76    	0       	0.202155	0.146731 	0.052817 	1       	5       	2.2     	1.10454 
6  	81    	0       	0.202155	0.147048 	0.0587453	1       	5       	2.14    	0.98    
--- 3609.29216837883 sec ---
