   	      	                        fitness                         	                          size                          
   	      	--------------------------------------------------------	--------------------------------------------------------
gen	nevals	min     	max     	avg     	std     	min     	max     	avg     	std     
0  	100   	0       	0.761606	0.419698	0.251301	1       	4       	2.49    	1.08162 
1  	90    	0       	0.761606	0.516345	0.208121	1       	5       	2.4     	1.03923 
2  	95    	0       	0.762244	0.535191	0.230513	1       	5       	2.48    	1.09982 
3  	95    	0       	0.772265	0.57439 	0.217494	1       	5       	2.41    	1.01089 
4  	90    	0       	0.772265	0.623755	0.206372	1       	5       	2.38    	0.977548
5  	90    	0       	0.773886	0.640358	0.197714	1       	4       	2.4     	1.00995 
--- 21678.992837190628 sec ---
