   	      	                        fitness                         	                          size                          
   	      	--------------------------------------------------------	--------------------------------------------------------
gen	nevals	min     	max     	avg     	std     	min     	max     	avg     	std     
0  	100   	0       	0.774133	0.186306	0.239748	1       	5       	2.98    	1.21639 
1  	93    	0       	0.774133	0.270507	0.269469	1       	5       	2.9     	1.11803 
2  	99    	0       	0.774133	0.338833	0.258546	1       	5       	2.84    	1.06508 
3  	91    	0       	0.774133	0.381302	0.267388	1       	4       	2.68    	0.97857 
4  	96    	0       	0.774133	0.407224	0.290474	1       	5       	2.78    	1.05432 
5  	96    	0       	0.774133	0.0722673	0.194908	1       	4       	2.73    	1.00851 
--- 21622.177909374237 sec ---
