   	      	                        fitness                         	                          size                          
   	      	--------------------------------------------------------	--------------------------------------------------------
gen	nevals	min     	max     	avg     	std     	min     	max     	avg     	std     
0  	100   	0       	0.973671	0.639004	0.386482	1       	5       	2.66    	1.19348 
1  	95    	0       	0.976108	0.748879	0.330635	1       	5       	2.6     	1.09545 
2  	93    	0       	0.977132	0.768292	0.342097	1       	5       	2.52    	1.09069 
3  	96    	0       	0.978782	0.731952	0.376689	1       	5       	2.55    	1.12583 
4  	95    	0       	0.978782	0.81061 	0.316517	1       	4       	2.37    	0.955563
5  	96    	0       	0.978782	0.850859	0.285481	1       	5       	2.71    	1.06108 
6  	95    	0       	0.978782	0.398392	0.470923	1       	5       	2.73    	1.08494 
--- 43205.38481593132 sec ---
