   	      	                        fitness                         	                          size                          
   	      	--------------------------------------------------------	--------------------------------------------------------
gen	nevals	min     	max     	avg     	std     	min     	max     	avg     	std     
0  	100   	0       	0.915343	0.518604	0.375751	1       	4       	2.7     	1.04403 
1  	86    	0       	0.915343	0.664206	0.306448	1       	5       	2.82    	1.08977 
2  	83    	0       	0.92299 	0.768955	0.226572	1       	5       	2.82    	1.07126 
3  	74    	0       	0.92299 	0.832108	0.138016	1       	4       	2.94    	0.936162
4  	71    	0       	0.92299 	0.8113  	0.22649 	1       	5       	2.99    	0.932684
5  	77    	0       	0.927108	0.810165	0.244346	1       	4       	3       	0.916515
6  	79    	0       	0.934706	0.835515	0.218831	1       	4       	2.96    	0.958332
7  	71    	0       	0.934706	0.861476	0.160465	1       	4       	2.94    	0.903549
8  	70    	0       	0.93924 	0.829403	0.234166	1       	5       	3.04    	0.958332
9  	61    	0       	0.93924 	0.84754 	0.20151 	1       	4       	3.06    	0.914549
10 	65    	0       	0.947672	0.863737	0.183904	1       	5       	3.03    	0.8995  
11 	59    	0       	0.947672	0.845565	0.233581	1       	4       	3.19    	0.85668 
12 	58    	0       	0.947672	0.857008	0.195162	1       	4       	3.09    	0.861336
13 	50    	0       	0.947672	0.874411	0.18483 	1       	4       	3.11    	0.84729 
14 	56    	0       	0.947672	0.864534	0.203417	2       	4       	3.38    	0.718053
15 	43    	0       	0.947672	0.86832 	0.187062	1       	4       	3.43    	0.710704
16 	46    	0       	0.947672	0.820457	0.288987	1       	4       	3.52    	0.655439
17 	55    	0       	0.947672	0.836392	0.25362 	2       	5       	3.5     	0.6245  
18 	57    	0       	0.947672	0.847762	0.234714	1       	4       	3.49    	0.670746
19 	57    	0       	0.947672	0.875264	0.185631	2       	4       	3.5     	0.640312
20 	53    	0       	0.950221	0.858658	0.222736	1       	4       	3.47    	0.713512
21 	55    	0       	0.950221	0.854432	0.224939	1       	5       	3.51    	0.780961
22 	57    	0       	0.950221	0.874478	0.202408	2       	4       	3.47    	0.767529
23 	53    	0       	0.950221	0.868311	0.203847	1       	5       	3.47    	0.780449
24 	52    	0       	0.950221	0.886775	0.163767	1       	4       	3.49    	0.780961
25 	52    	0       	0.950221	0.883415	0.182354	2       	4       	3.47    	0.684909
26 	55    	0       	0.950221	0.888826	0.16452 	2       	4       	3.52    	0.64    
27 	44    	0       	0.950221	0.857609	0.237242	2       	4       	3.69    	0.523355
28 	51    	0       	0.950221	0.888717	0.182913	2       	5       	3.77    	0.50705 
29 	48    	0       	0.956103	0.860948	0.239237	2       	5       	3.82    	0.477074
30 	52    	0       	0.956103	0.867736	0.222187	2       	5       	3.87    	0.416053
31 	46    	0       	0.956103	0.853986	0.241387	1       	4       	3.84    	0.484149
32 	50    	0       	0.956103	0.833556	0.270851	2       	4       	3.78    	0.501597
33 	56    	0       	0.956103	0.826489	0.270094	2       	4       	3.76    	0.492341
34 	48    	0       	0.956103	0.859736	0.226191	2       	5       	3.73    	0.526403
35 	39    	0       	0.956103	0.82878 	0.28246 	2       	4       	3.74    	0.460869
36 	44    	0       	0.956103	0.839413	0.282025	3       	4       	3.72    	0.448999
37 	44    	0       	0.956103	0.828786	0.293368	2       	4       	3.75    	0.47697 
38 	56    	0       	0.956103	0.789982	0.333098	1       	4       	3.77    	0.486929
39 	38    	0       	0.956103	0.858355	0.25481 	1       	4       	3.75    	0.53619 
40 	50    	0       	0.956103	0.806458	0.314211	1       	5       	3.78    	0.54    
41 	34    	0       	0.956103	0.834304	0.274065	2       	4       	3.78    	0.481248
42 	35    	0       	0.956103	0.881357	0.213959	2       	5       	3.91    	0.376696
43 	38    	0       	0.956103	0.788032	0.338425	3       	4       	3.89    	0.31289 
44 	40    	0       	0.956103	0.763873	0.344492	1       	5       	3.87    	0.439431
45 	38    	0       	0.956103	0.802492	0.31859 	1       	5       	3.88    	0.534416
46 	52    	0       	0.956103	0.754978	0.339132	1       	5       	3.82    	0.653911
47 	34    	0       	0.956103	0.810004	0.300802	1       	4       	3.81    	0.658711
48 	35    	0       	0.956103	0.813601	0.318217	2       	5       	3.91    	0.376696
49 	36    	0       	0.956103	0.808638	0.327619	2       	4       	3.91    	0.349142
50 	47    	0       	0.956103	0.70995 	0.400289	1       	4       	3.88    	0.453431
51 	45    	0       	0.956103	0.788342	0.336007	2       	5       	3.92    	0.337046
52 	44    	0       	0.956103	0.837938	0.273043	3       	4       	3.92    	0.271293
53 	50    	0       	0.956103	0.789263	0.334767	2       	5       	3.9     	0.387298
54 	41    	0       	0.956103	0.839287	0.282523	2       	5       	3.9     	0.412311
55 	49    	0       	0.956103	0.791121	0.327942	2       	4       	3.94    	0.276405
56 	37    	0       	0.956103	0.787197	0.346001	2       	4       	3.94    	0.310483
57 	52    	0       	0.956103	0.779786	0.344316	2       	4       	3.95    	0.259808
58 	58    	0       	0.956103	0.768583	0.350101	1       	5       	3.92    	0.416653
59 	42    	0       	0.956103	0.74995 	0.36741 	1       	4       	3.88    	0.534416
60 	36    	0       	0.956103	0.808728	0.300763	1       	4       	3.8     	0.69282 
61 	53    	0       	0.956103	0.796871	0.316645	1       	4       	3.87    	0.559553
62 	39    	0       	0.956103	0.77276 	0.336369	1       	4       	3.83    	0.617333
63 	34    	0       	0.956103	0.812046	0.309669	1       	5       	3.79    	0.72519 
64 	36    	0       	0.956103	0.846275	0.258952	1       	4       	3.76    	0.708802
65 	31    	0       	0.956103	0.81625 	0.305661	1       	4       	3.83    	0.530189
66 	53    	0       	0.956103	0.79883 	0.314881	1       	4       	3.83    	0.491019
67 	38    	0       	0.956103	0.832391	0.294711	1       	4       	3.85    	0.47697 
68 	41    	0       	0.956103	0.800767	0.327355	2       	4       	3.92    	0.337046
69 	36    	0       	0.956103	0.770099	0.355202	1       	4       	3.86    	0.566039
70 	32    	0       	0.956103	0.830874	0.297474	1       	5       	3.96    	0.445421
71 	42    	0       	0.956103	0.75484 	0.370294	1       	4       	3.92    	0.44    
72 	40    	0       	0.956103	0.723197	0.398268	1       	4       	3.94    	0.42    
73 	29    	0       	0.956103	0.76993 	0.363902	2       	4       	3.92    	0.337046
74 	40    	0       	0.956103	0.803066	0.329166	2       	4       	3.91    	0.319218
75 	37    	0       	0.956103	0.835552	0.295992	1       	4       	3.83    	0.510979
76 	38    	0       	0.956103	0.821622	0.306027	2       	4       	3.91    	0.319218
77 	49    	0       	0.956103	0.786239	0.336117	1       	5       	3.89    	0.44486 
78 	39    	0       	0.956103	0.810843	0.31563 	1       	5       	3.9     	0.479583
79 	45    	0       	0.956103	0.813881	0.305846	1       	4       	3.88    	0.49558 
80 	40    	0       	0.956103	0.789639	0.336517	1       	4       	3.87    	0.541387
81 	36    	0       	0.956103	0.764508	0.36061 	2       	4       	3.92    	0.305941
82 	41    	0       	0.956103	0.820746	0.297404	1       	4       	3.83    	0.510979
83 	46    	0       	0.956103	0.735093	0.37727 	1       	4       	3.91    	0.376696
84 	43    	0       	0.956103	0.702299	0.393324	1       	4       	3.91    	0.402368
85 	47    	0       	0.956103	0.752171	0.360749	1       	5       	3.91    	0.471063
86 	37    	0       	0.956103	0.799772	0.317681	1       	5       	3.93    	0.38092 
87 	28    	0       	0.956103	0.857937	0.257203	1       	5       	3.88    	0.49558 
88 	33    	0       	0.956103	0.805856	0.327139	1       	4       	3.9     	0.43589 
89 	30    	0       	0.956103	0.893912	0.192308	1       	4       	3.87    	0.461628
90 	36    	0       	0.956103	0.80921 	0.328069	1       	4       	3.88    	0.474974
91 	31    	0       	0.956103	0.812275	0.330869	1       	4       	3.97    	0.298496
92 	38    	0       	0.956103	0.807948	0.330023	2       	4       	3.96    	0.241661
93 	29    	0       	0.956103	0.856554	0.27146 	2       	4       	3.93    	0.353695
94 	31    	0       	0.956103	0.836179	0.288857	1       	4       	3.93    	0.38092 
95 	34    	0       	0.956103	0.762416	0.364395	1       	4       	3.95    	0.327872
96 	38    	0       	0.956103	0.798803	0.327879	2       	4       	3.92    	0.305941
97 	38    	0       	0.958235	0.818874	0.295808	1       	4       	3.84    	0.542586
98 	37    	0       	0.958235	0.822221	0.306568	1       	4       	3.86    	0.469468
99 	48    	0       	0.958235	0.852683	0.258831	1       	5       	3.85    	0.589491
100	33    	0       	0.958235	0.839619	0.284087	2       	5       	3.95    	0.295804
--- 3497.1634821891785 sec ---
