   	      	                        fitness                         	                          size                          
   	      	--------------------------------------------------------	--------------------------------------------------------
gen	nevals	min     	max     	avg     	std     	min     	max     	avg     	std     
0  	100   	0       	0.969408	0.614724	0.429093	1       	5       	2.78    	1.16258 
1  	89    	0       	0.969408	0.78683 	0.327524	1       	5       	2.63    	1.11942 
2  	95    	0       	0.969408	0.87684 	0.233186	1       	5       	2.64    	1.15343 
3  	94    	0       	0.969408	0.853604	0.267814	1       	5       	2.64    	1.10018 
4  	97    	0       	0.970799	0.852935	0.279678	1       	5       	2.73    	1.14765 
5  	95    	0       	0.972439	0.830381	0.321409	1       	5       	3.05    	1.08051 
6  	96    	0       	0.972439	0.900975	0.21354 	1       	5       	3.22    	0.9755  
7  	95    	0       	0.972533	0.893558	0.245585	1       	5       	3.22    	1.01568 
8  	94    	0       	0.974078	0.874213	0.265187	1       	5       	3.05    	1.08051 
9  	95    	0       	0.974078	0.941421	0.137401	1       	5       	3.06    	1.1732  
10 	96    	0       	0.975564	0.84046 	0.314254	1       	5       	3.09    	1.167   
11 	92    	0       	0.975564	0.898989	0.232224	1       	5       	3.23    	1.07569 
12 	93    	0       	0.975564	0.90653 	0.21415 	1       	5       	3.27    	1.1389  
13 	92    	0       	0.975564	0.921584	0.19021 	1       	5       	3.08    	1.15482 
14 	93    	0       	0.975564	0.910433	0.213179	1       	5       	3.18    	1.17796 
15 	92    	0       	0.975564	0.905229	0.229212	1       	5       	3.05    	1.20312 
16 	97    	0       	0.975564	0.882981	0.250673	1       	5       	3.11    	1.19912 
17 	96    	0       	0.975564	0.848898	0.297257	1       	5       	3.36    	1.10018 
18 	97    	0       	0.975564	0.878578	0.263524	1       	5       	3.37    	1.01642 
19 	89    	0       	0.975564	0.896596	0.222088	1       	5       	3.41    	1.0592  
20 	93    	0       	0.975564	0.891777	0.245941	1       	5       	3.58    	0.918477
21 	95    	0       	0.975564	0.898128	0.233659	1       	5       	3.46    	1.00419 
22 	92    	0       	0.975564	0.860838	0.280083	1       	5       	3.54    	1.02391 
23 	93    	0       	0.975564	0.922143	0.175828	1       	5       	3.43    	1.07009 
24 	92    	0       	0.975564	0.845255	0.296927	1       	5       	3.53    	0.953467
25 	95    	0       	0.975564	0.909616	0.185779	1       	5       	3.52    	0.974474
26 	90    	0       	0.975564	0.939541	0.138991	1       	5       	3.32    	1.08517 
27 	93    	0       	0.975564	0.872481	0.263751	1       	5       	3.33    	1.14939 
28 	99    	0       	0.975564	0.828672	0.317824	1       	5       	3.3     	1.1619  
29 	91    	0       	0.975564	0.942433	0.115415	1       	5       	2.93    	1.32857 
30 	93    	0       	0.975564	0.899769	0.219482	1       	5       	2.86    	1.34922 
31 	94    	0       	0.975564	0.895823	0.235631	1       	5       	2.99    	1.32284 
32 	94    	0       	0.975564	0.907462	0.21145 	1       	5       	3.01    	1.36744 
33 	88    	0       	0.975564	0.914928	0.180566	1       	5       	3.13    	1.36129 
34 	92    	0       	0.975564	0.91176 	0.198085	1       	5       	2.8     	1.43527 
35 	93    	0       	0.975564	0.86757 	0.271615	1       	5       	2.9     	1.38924 
36 	93    	0       	0.975564	0.903447	0.217979	1       	5       	3.06    	1.32529 
37 	93    	0       	0.975564	0.908289	0.214272	1       	5       	2.98    	1.35632 
38 	90    	0       	0.975564	0.914847	0.185363	1       	5       	3.03    	1.35982 
39 	85    	0       	0.975564	0.887826	0.241102	1       	5       	2.79    	1.4163  
40 	91    	0       	0.975564	0.888379	0.250895	1       	5       	3.14    	1.2963  
41 	95    	0       	0.975564	0.907042	0.217353	1       	5       	3.33    	1.24944 
42 	91    	0       	0.975564	0.938561	0.142366	1       	5       	3.18    	1.31438 
43 	93    	0       	0.975564	0.904862	0.205045	1       	5       	2.96    	1.35588 
44 	94    	0       	0.975564	0.911277	0.211689	1       	5       	3.15    	1.29132 
45 	92    	0       	0.975564	0.90542 	0.229184	1       	5       	3.28    	1.17541 
46 	92    	0       	0.975564	0.892176	0.23916 	1       	5       	3.18    	1.23596 
47 	87    	0       	0.975564	0.92922 	0.15256 	1       	5       	3.04    	1.25634 
48 	87    	0       	0.975564	0.944324	0.115717	1       	5       	3.01    	1.19578 
49 	93    	0       	0.975564	0.879166	0.265507	1       	5       	3.09    	1.1584  
50 	93    	0       	0.975564	0.901457	0.221812	1       	5       	3.04    	1.18254 
51 	94    	0       	0.975564	0.949641	0.102329	1       	4       	3.09    	1.08715 
52 	92    	0       	0.975564	0.935441	0.16507 	1       	5       	3.18    	1.13472 
53 	92    	0       	0.975564	0.928022	0.189877	1       	5       	3.29    	1.09813 
54 	92    	0       	0.975564	0.866087	0.289471	1       	5       	3.46    	0.963535
55 	94    	0       	0.975564	0.916995	0.198371	1       	5       	3.46    	0.963535
56 	93    	0       	0.975564	0.849788	0.3141  	1       	5       	3.47    	0.942921
57 	90    	0       	0.977203	0.904555	0.219484	1       	4       	3.47    	0.942921
58 	92    	0       	0.977203	0.906275	0.229615	1       	5       	3.41    	1.01089 
59 	96    	0       	0.977203	0.92015 	0.194397	1       	5       	3.53    	0.876983
60 	91    	0       	0.977203	0.915986	0.210768	1       	5       	3.52    	0.899778
61 	89    	0       	0.977203	0.903162	0.23294 	1       	5       	3.45    	1.01366 
62 	92    	0       	0.977203	0.833892	0.326059	1       	5       	3.59    	0.813572
63 	94    	0       	0.977203	0.927552	0.170879	1       	5       	3.46    	0.910165
64 	94    	0       	0.977203	0.902133	0.221852	1       	4       	3.39    	0.904378
65 	93    	0       	0.977203	0.878391	0.257793	1       	5       	3.36    	0.877724
66 	94    	0       	0.977203	0.904053	0.207006	1       	5       	3.31    	0.996945
67 	93    	0       	0.977203	0.879593	0.254735	1       	5       	3.49    	0.899944
68 	95    	0       	0.977203	0.848401	0.305423	1       	5       	3.47    	0.876983
69 	96    	0       	0.977203	0.881327	0.253743	1       	5       	3.5     	0.8544  
70 	93    	0       	0.977203	0.918118	0.190758	1       	5       	3.53    	0.876983
71 	94    	0       	0.977203	0.903646	0.214799	1       	5       	3.5     	0.964365
72 	95    	0       	0.977203	0.936848	0.121193	1       	5       	3.54    	0.899111
73 	96    	0       	0.977203	0.884604	0.262303	2       	5       	3.74    	0.82    
74 	97    	0       	0.977203	0.921963	0.194223	1       	5       	3.74    	0.807713
75 	95    	0       	0.977203	0.905057	0.229383	2       	5       	3.63    	0.879261
76 	96    	0       	0.977203	0.913961	0.210753	1       	5       	3.72    	0.788416
77 	94    	0       	0.977203	0.912541	0.214535	1       	5       	3.67    	0.849176
78 	90    	0       	0.977203	0.915986	0.211099	1       	5       	3.83    	0.679043
79 	92    	0       	0.977203	0.909675	0.214504	1       	5       	3.76    	0.788923
80 	92    	0       	0.977203	0.919735	0.194135	1       	5       	3.73    	0.772722
81 	95    	0       	0.977203	0.893271	0.246844	2       	5       	3.72    	0.735935
82 	94    	0       	0.977203	0.872411	0.278593	1       	5       	3.55    	0.864581
83 	91    	0       	0.977203	0.897026	0.233846	1       	5       	3.44    	0.863944
84 	96    	0       	0.977203	0.905285	0.218892	1       	5       	3.68    	0.676461
85 	90    	0       	0.977203	0.907931	0.229598	1       	5       	3.85    	0.497494
86 	96    	0       	0.977203	0.911234	0.202867	1       	5       	3.78    	0.656963
87 	91    	0       	0.977203	0.917502	0.195432	1       	5       	3.76    	0.722772
88 	93    	0       	0.977203	0.933306	0.165256	1       	4       	3.69    	0.643351
89 	95    	0       	0.977203	0.935876	0.165169	1       	5       	3.81    	0.560268
90 	97    	0       	0.977203	0.932508	0.170608	1       	5       	3.69    	0.757562
91 	99    	0       	0.977203	0.899155	0.232751	1       	5       	3.67    	0.693614
92 	97    	0       	0.977203	0.905553	0.229199	1       	5       	3.6     	0.8     
93 	95    	0       	0.977203	0.911919	0.214578	1       	5       	3.61    	0.798686
94 	88    	0       	0.977203	0.898511	0.233678	1       	5       	3.61    	0.84729 
95 	91    	0       	0.977203	0.88448 	0.261526	1       	4       	3.26    	1.08277 
96 	94    	0       	0.977203	0.899564	0.231745	1       	4       	3.25    	1.06184 
97 	92    	0       	0.977203	0.948903	0.108645	1       	5       	3.41    	0.917551
98 	97    	0       	0.977203	0.906294	0.216554	1       	5       	3.59    	0.7496  
99 	92    	0       	0.977203	0.889747	0.250646	1       	5       	3.42    	0.826801
100	94    	0       	0.977203	0.914586	0.187522	1       	4       	3.33    	0.813081
--- 8299.317080020905 sec ---
