   	      	                        fitness                         	                          size                          
   	      	--------------------------------------------------------	--------------------------------------------------------
gen	nevals	min     	max     	avg     	std     	min     	max     	avg     	std     
0  	100   	0       	0.736282	0.401044	0.261084	1       	5       	2.78    	1.16258 
1  	88    	0       	0.822954	0.47333 	0.236857	1       	5       	2.79    	1.14276 
2  	94    	0       	0.848238	0.558902	0.168631	1       	5       	2.55    	1.10793 
3  	94    	0       	0.849895	0.554859	0.191107	1       	5       	2.53    	1.06259 
4  	94    	0       	0.862651	0.613255	0.161486	1       	5       	2.82    	1.05243 
5  	95    	0       	0.871433	0.589512	0.227159	1       	5       	2.89    	1.12156 
6  	96    	0       	0.879174	0.615709	0.193495	1       	5       	2.96    	1.19933 
7  	88    	0       	0.879174	0.570843	0.245033	1       	5       	2.85    	1.19478 
--- 3603.8203732967377 sec ---
