   	      	                        fitness                         	                          size                          
   	      	--------------------------------------------------------	--------------------------------------------------------
gen	nevals	min     	max     	avg     	std     	min     	max     	avg     	std     
0  	100   	0       	0.985476	0.289496	0.309661	1       	5       	2.76    	1.24193 
1  	81    	0       	0.999362	0.489927	0.332819	1       	5       	2.34    	1.31316 
2  	79    	0       	0.999362	0.640951	0.301635	1       	5       	2.32    	1.33327 
3  	79    	0       	0.999362	0.703647	0.293839	1       	4       	2.28    	1.28125 
4  	80    	0       	0.999362	0.727329	0.283068	1       	4       	1.92    	1.18895 
5  	82    	0       	0.999362	0.796397	0.218192	1       	5       	1.68    	0.97857 
6  	73    	0       	0.999362	0.413674	0.445224	1       	4       	1.77    	1.03783 
--- 3603.8880507946014 sec ---
