   	      	                        fitness                         	                          size                          
   	      	--------------------------------------------------------	--------------------------------------------------------
gen	nevals	min     	max     	avg     	std     	min     	max     	avg     	std     
0  	100   	0       	0.545949	0.17897 	0.188992	1       	5       	2.98    	1.21639 
1  	93    	0       	0.587697	0.275452	0.202804	1       	5       	2.91    	1.07791 
2  	95    	0       	0.587697	0.341053	0.19879 	1       	4       	2.69    	0.902164
3  	90    	0       	0.594095	0.37204 	0.194665	1       	5       	2.82    	0.876128
4  	92    	0       	0.600937	0.396685	0.18929 	1       	5       	2.84    	0.913455
5  	99    	0       	0.605001	0.414102	0.197205	1       	5       	2.81    	0.934826
6  	92    	0       	0.605001	0.443696	0.174742	1       	5       	2.77    	0.936536
7  	92    	0       	0.605001	0.432932	0.194268	1       	5       	2.78    	0.922822
8  	92    	0       	0.605001	0.445349	0.185655	1       	5       	2.67    	0.917115
9  	89    	0       	0.605001	0.448803	0.199331	1       	5       	2.85    	0.90967 
10 	93    	0       	0.605001	0.474714	0.174953	1       	5       	2.79    	0.863655
11 	92    	0       	0.605001	0.506203	0.137342	1       	5       	2.81    	0.808641
12 	92    	0       	0.605001	0.517624	0.140167	1       	5       	2.8     	0.812404
13 	88    	0       	0.605001	0.508612	0.15123 	2       	5       	2.85    	0.753326
14 	88    	0       	0.605001	0.549002	0.0949317	1       	4       	2.77    	0.719097
15 	91    	0       	0.605001	0.508804	0.17031  	1       	4       	2.83    	0.749066
16 	89    	0       	0.605001	0.48056 	0.187084 	1       	5       	3.03    	0.780449
17 	87    	0       	0.605001	0.473394	0.174745 	1       	5       	2.95    	0.726292
18 	91    	0       	0.605001	0.488042	0.163843 	1       	5       	3.03    	0.684909
19 	96    	0       	0.605001	0.483764	0.169103 	1       	5       	3.02    	0.787147
20 	88    	0       	0.606939	0.4862  	0.182959 	1       	4       	2.9     	0.7     
21 	89    	0       	0.606939	0.509242	0.159804 	1       	4       	2.98    	0.720833
22 	94    	0       	0.606447	0.52133 	0.151534 	1       	4       	2.88    	0.65238 
23 	93    	0       	0.605001	0.532038	0.127096 	1       	5       	2.92    	0.716659
24 	88    	0       	0.605001	0.508124	0.163727 	1       	4       	2.87    	0.820427
25 	95    	0       	0.605001	0.518934	0.150463 	1       	4       	2.86    	0.81265 
26 	88    	0       	0.605001	0.523044	0.140635 	1       	5       	2.87    	0.856213
27 	98    	0       	0.605001	0.529636	0.135897 	1       	5       	2.89    	0.893252
28 	94    	0       	0.605001	0.514035	0.138996 	1       	4       	2.83    	0.837317
29 	91    	0       	0.605001	0.497014	0.173659 	1       	4       	2.74    	0.756571
30 	94    	0       	0.605001	0.488542	0.181987 	1       	4       	2.82    	0.712461
31 	91    	0       	0.605001	0.522327	0.134469 	1       	4       	2.69    	0.833007
32 	89    	0       	0.605001	0.495126	0.174714 	1       	5       	2.86    	0.824864
33 	94    	0       	0.605001	0.521417	0.14399  	1       	4       	2.92    	0.688186
34 	91    	0       	0.605001	0.51304 	0.153181 	1       	4       	2.77    	0.846818
35 	93    	0       	0.605001	0.476001	0.192388 	1       	5       	2.91    	0.801187
36 	91    	0       	0.605001	0.480653	0.181616 	1       	5       	3       	0.812404
37 	94    	0       	0.605001	0.503537	0.169347 	1       	4       	2.96    	0.773563
38 	88    	0       	0.606031	0.516252	0.158032 	1       	5       	2.85    	0.804674
39 	94    	0       	0.606031	0.518413	0.149728 	1       	5       	2.87    	0.808146
40 	91    	0       	0.606031	0.477788	0.183179 	1       	5       	2.8     	0.860233
41 	92    	0       	0.605707	0.500358	0.158353 	1       	5       	2.86    	0.836899
42 	85    	0       	0.605707	0.498272	0.138966 	1       	5       	2.91    	0.849647
43 	92    	0       	0.608266	0.491418	0.163724 	1       	5       	3       	0.83666 
44 	92    	0       	0.606118	0.506049	0.139367 	1       	5       	2.89    	0.823347
45 	92    	0       	0.606118	0.508454	0.14803  	1       	5       	3.01    	0.854342
46 	94    	0       	0.606118	0.499928	0.17385  	1       	5       	3.17    	0.87241 
47 	92    	0       	0.607307	0.489964	0.188947 	1       	5       	3.21    	0.941223
48 	91    	0       	0.607307	0.492979	0.170489 	1       	5       	3.11    	0.859011
49 	89    	0       	0.607307	0.470694	0.186211 	1       	5       	3.05    	0.931397
50 	88    	0       	0.607307	0.484534	0.190247 	1       	5       	2.99    	0.877439
51 	93    	0       	0.607307	0.492509	0.177748 	1       	5       	3.22    	0.819512
52 	92    	0       	0.607307	0.491078	0.186675 	1       	5       	3.18    	0.84119 
53 	86    	0       	0.607307	0.523901	0.138112 	1       	5       	3.07    	0.710704
54 	86    	0       	0.607307	0.534601	0.130982 	1       	4       	3.01    	0.699929
55 	94    	0       	0.607307	0.519469	0.153352 	1       	4       	2.99    	0.727942
56 	95    	0       	0.607307	0.497233	0.177337 	1       	5       	2.98    	0.93787 
57 	92    	0       	0.607307	0.50254 	0.157987 	1       	5       	3.09    	0.861336
58 	91    	0       	0.607307	0.525508	0.13735  	1       	5       	3.14    	0.80025 
59 	87    	0       	0.610501	0.512103	0.157576 	1       	5       	3.12    	0.803492
60 	95    	0       	0.610501	0.481187	0.183373 	1       	5       	3.11    	0.733417
61 	91    	0       	0.610501	0.508962	0.163094 	1       	4       	2.97    	0.684909
62 	94    	0       	0.610501	0.52645 	0.132205 	1       	4       	2.97    	0.727393
63 	89    	0       	0.610501	0.506975	0.16618  	1       	5       	3.1     	0.754983
64 	87    	0       	0.612109	0.492631	0.183205 	1       	5       	3.11    	0.676683
65 	91    	0       	0.610501	0.494161	0.177451 	1       	5       	3.22    	0.686731
66 	85    	0       	0.610501	0.531983	0.125091 	1       	5       	3.16    	0.643739
67 	93    	0       	0.610501	0.541508	0.113345 	2       	5       	3.14    	0.632772
68 	88    	0       	0.610501	0.520889	0.146714 	1       	5       	3.21    	0.65261 
69 	88    	0       	0.610501	0.50402 	0.159435 	1       	5       	3.25    	0.68374 
70 	88    	0       	0.610501	0.498282	0.179543 	1       	5       	3.21    	0.697065
71 	86    	0       	0.610501	0.537515	0.125194 	2       	5       	3.21    	0.588133
72 	84    	0       	0.610501	0.515799	0.16645  	2       	5       	3.25    	0.792149
73 	91    	0       	0.610501	0.517626	0.148701 	1       	5       	3.2     	0.883176
74 	89    	0       	0.610501	0.501592	0.166753 	2       	5       	3.05    	0.753326
75 	86    	0       	0.610501	0.500231	0.17755  	1       	5       	2.86    	0.721388
76 	94    	0       	0.610501	0.497529	0.17139  	1       	5       	2.9     	0.781025
77 	87    	0       	0.610501	0.501887	0.171903 	1       	5       	2.7     	0.714143
78 	82    	0       	0.610575	0.489375	0.179772 	1       	4       	2.77    	0.705053
79 	87    	0       	0.610575	0.504849	0.16838  	1       	4       	2.62    	0.66    
80 	82    	0       	0.610501	0.482003	0.189583 	1       	4       	2.65    	0.668954
81 	89    	0       	0.610501	0.512262	0.150946 	2       	4       	2.74    	0.626418
82 	88    	0       	0.610501	0.506522	0.163157 	1       	4       	2.59    	0.664756
83 	90    	0       	0.610501	0.496346	0.18817  	1       	5       	2.64    	0.700286
84 	85    	0       	0.610501	0.510791	0.161931 	1       	4       	2.75    	0.698212
85 	93    	0       	0.610501	0.513618	0.161068 	1       	4       	2.77    	0.705053
86 	89    	0       	0.610501	0.49502 	0.174719 	1       	5       	2.82    	0.779487
87 	89    	0       	0.610501	0.518481	0.146263 	1       	5       	2.84    	0.833307
88 	85    	0       	0.610501	0.501179	0.178074 	1       	5       	2.73    	0.834925
89 	86    	0       	0.610501	0.523819	0.146069 	2       	4       	2.69    	0.757562
90 	83    	0       	0.611212	0.503507	0.169794 	1       	5       	2.66    	0.839285
91 	86    	0       	0.610501	0.518788	0.143163 	1       	5       	2.58    	0.789683
92 	80    	0       	0.610501	0.510337	0.175919 	1       	5       	2.57    	0.751731
93 	81    	0       	0.610501	0.507196	0.162204 	1       	5       	2.66    	0.851117
94 	84    	0       	0.610501	0.52789 	0.143411 	1       	4       	2.62    	0.809691
95 	91    	0       	0.610501	0.534964	0.132887 	1       	5       	2.64    	0.842852
96 	91    	0       	0.610501	0.497409	0.179083 	1       	5       	2.76    	0.849941
97 	97    	0       	0.610501	0.51518 	0.149518 	1       	4       	2.79    	0.803679
98 	90    	0       	0.610501	0.476204	0.190651 	2       	5       	2.91    	0.813572
99 	86    	0       	0.610501	0.496612	0.163868 	1       	5       	2.88    	0.84    
100	85    	0       	0.610501	0.526026	0.139708 	1       	5       	2.86    	0.787655
--- 8763.315333604813 sec ---
