   	      	                        fitness                         	                          size                          
   	      	--------------------------------------------------------	--------------------------------------------------------
gen	nevals	min     	max     	avg     	std     	min     	max     	avg     	std     
0  	100   	0       	0.75825 	0.380225	0.268258	1       	4       	2.69    	1.11081 
1  	96    	0       	0.762885	0.45511 	0.246028	1       	5       	2.76    	1.16722 
2  	89    	0       	0.762885	0.552322	0.193401	1       	4       	2.63    	1.17179 
3  	94    	0       	0.763438	0.590434	0.183269	1       	5       	2.85    	1.21963 
4  	92    	0       	0.786971	0.58437 	0.222165	1       	5       	2.86    	1.14909 
5  	92    	0       	0.787001	0.605232	0.218279	1       	5       	2.85    	1.12583 
6  	97    	0       	0.787001	0.217866	0.32062 	1       	5       	3.1     	1.11803 
--- 44012.04088592529 sec ---
