   	      	                        fitness                         	                          size                          
   	      	--------------------------------------------------------	--------------------------------------------------------
gen	nevals	min     	max     	avg     	std     	min     	max     	avg     	std     
0  	100   	0       	0.732194	0.416684	0.244924	1       	5       	2.79    	1.20246 
1  	95    	0       	0.758813	0.499097	0.182738	1       	5       	2.7     	1.23693 
2  	95    	0       	0.768682	0.506951	0.187592	1       	5       	3.11    	1.16529 
3  	95    	0       	0.774122	0.551582	0.161749	1       	5       	2.89    	1.19912 
4  	95    	0       	0.774122	0.572313	0.166454	1       	5       	2.9     	1.15326 
5  	97    	0       	0.839534	0.210593	0.297517	1       	5       	2.78    	1.17115 
--- 3604.216516017914 sec ---
