   	      	                        fitness                         	                          size                          
   	      	--------------------------------------------------------	--------------------------------------------------------
gen	nevals	min     	max     	avg     	std     	min     	max     	avg     	std     
0  	100   	0       	0.736043	0.408665	0.259128	1       	5       	2.69    	1.28604 
1  	74    	0       	0.736043	0.510298	0.197422	1       	5       	2.53    	1.21206 
2  	81    	0       	0.736043	0.549456	0.185221	1       	4       	2.29    	1.09813 
3  	77    	0       	0.736043	0.577153	0.170828	1       	4       	2.47    	1.02426 
4  	82    	0       	0.736043	0.593806	0.185272	1       	4       	2.67    	1.08678 
5  	80    	0       	0.739877	0.563744	0.2525  	1       	5       	2.63    	1.14591 
--- 3610.2026267051697 sec ---
