   	      	                        fitness                         	                          size                          
   	      	--------------------------------------------------------	--------------------------------------------------------
gen	nevals	min     	max     	avg     	std     	min     	max     	avg     	std     
0  	100   	0       	0.577149	0.217007	0.210608	1       	5       	2.8     	1.22474 
1  	98    	0       	0.577149	0.275537	0.205065	1       	5       	2.96    	1.08554 
2  	93    	0       	0.577149	0.331914	0.188487	1       	5       	3.01    	1.09995 
3  	96    	0       	0.577149	0.380807	0.196917	1       	5       	2.99    	1.03436 
4  	89    	0       	0.577149	0.414736	0.186369	1       	5       	3.08    	0.986712
5  	92    	0       	0.582286	0.422307	0.188959	1       	5       	3.21    	0.941223
6  	95    	0       	0.57881 	0.436817	0.184044	1       	5       	3.16    	0.902441
7  	92    	0       	0.596297	0.437193	0.172529	1       	5       	3.03    	0.942921
8  	94    	0       	0.596297	0.434788	0.190949	1       	5       	3.07    	0.982395
9  	96    	0       	0.596297	0.476292	0.145556	1       	5       	3.13    	0.890562
10 	94    	0       	0.601812	0.444125	0.186576	1       	5       	3.15    	0.876071
11 	95    	0       	0.601812	0.470373	0.170503	1       	5       	3.17    	0.927955
12 	94    	0       	0.601812	0.461008	0.185297	1       	5       	3.28    	0.861162
13 	97    	0       	0.606711	0.482028	0.162584	1       	5       	3.29    	0.828191
14 	93    	0       	0.606711	0.49096 	0.153081	1       	5       	3.32    	0.915205
15 	91    	0       	0.606711	0.469399	0.195074	1       	5       	3.3     	0.911043
16 	94    	0       	0.606711	0.471053	0.187448	2       	5       	3.3     	0.8544  
17 	94    	0       	0.606711	0.496504	0.162048	1       	5       	3.32    	0.847113
18 	93    	0       	0.606711	0.480511	0.182898	1       	5       	3.45    	0.817007
19 	90    	0       	0.606711	0.493736	0.173768	1       	5       	3.56    	0.725534
20 	94    	0       	0.606711	0.510364	0.143034	2       	5       	3.65    	0.572276
21 	92    	0       	0.606711	0.504797	0.178475	1       	5       	3.5     	0.655744
22 	94    	0       	0.606711	0.524567	0.142123	1       	5       	3.34    	0.724155
23 	93    	0       	0.606711	0.503512	0.177291	1       	5       	3.3     	0.866025
24 	89    	0       	0.606806	0.52841 	0.138121	1       	5       	3.24    	0.788923
25 	88    	0       	0.606711	0.493045	0.199041	2       	5       	3.25    	0.779423
26 	87    	0       	0.607327	0.533002	0.152171	1       	5       	3.15    	0.90967 
27 	83    	0       	0.607327	0.554683	0.11524 	1       	5       	3.13    	0.844452
28 	86    	0       	0.606711	0.524398	0.167494	1       	5       	3.21    	0.828191
29 	88    	0       	0.606711	0.537   	0.148802	1       	5       	3.1     	0.842615
30 	87    	0       	0.60722 	0.504734	0.181531	1       	5       	3.24    	0.928655
31 	92    	0       	0.612632	0.493625	0.189684	1       	5       	3.23    	0.846818
32 	88    	0       	0.612632	0.530782	0.135251	1       	4       	3.16    	0.868562
33 	85    	0       	0.612632	0.517559	0.176635	1       	5       	3.29    	0.930537
34 	83    	0       	0.612632	0.509635	0.171359	1       	5       	3.08    	0.96623 
35 	90    	0       	0.612632	0.511997	0.171204	1       	5       	3.15    	1.05238 
36 	84    	0       	0.612632	0.503138	0.153792	1       	5       	3.07    	1.01247 
37 	91    	0       	0.612306	0.477037	0.182525	1       	5       	3.04    	1.02879 
38 	87    	0       	0.613043	0.485983	0.18748 	1       	4       	2.95    	0.99373 
39 	88    	0       	0.613043	0.50105 	0.162877	1       	5       	2.88    	1.05148 
40 	85    	0       	0.613043	0.516663	0.157835	1       	5       	2.84    	0.956243
41 	92    	0       	0.613043	0.524671	0.157445	1       	5       	2.74    	0.944669
42 	82    	0       	0.613043	0.495527	0.192616	1       	5       	2.92    	1.03615 
43 	90    	0       	0.613043	0.498445	0.183154	2       	5       	2.93    	0.972163
44 	89    	0       	0.613043	0.505897	0.175328	2       	5       	2.93    	0.951367
45 	91    	0       	0.613043	0.512948	0.145126	2       	4       	2.66    	0.827285
46 	89    	0       	0.613043	0.504842	0.170879	1       	5       	2.74    	0.901332
47 	89    	0       	0.613043	0.470318	0.193784	2       	5       	2.89    	0.893252
48 	96    	0       	0.613043	0.498453	0.154477	1       	5       	2.7     	0.911043
49 	91    	0       	0.613043	0.494076	0.167667	1       	4       	2.7     	0.911043
50 	85    	0       	0.613043	0.498893	0.177869	1       	4       	2.71    	0.951788
51 	83    	0       	0.613043	0.488281	0.190162	1       	5       	2.81    	0.955981
52 	94    	0       	0.613043	0.526483	0.13547 	1       	4       	2.59    	0.825772
53 	93    	0       	0.613043	0.49995 	0.178549	1       	4       	2.71    	0.863655
54 	84    	0       	0.613043	0.506654	0.172334	1       	5       	2.87    	0.976268
55 	85    	0       	0.613043	0.519666	0.152912	1       	5       	2.94    	0.903549
56 	89    	0       	0.613043	0.479794	0.19948 	1       	5       	2.97    	0.8995  
57 	89    	0       	0.613043	0.509922	0.166097	1       	4       	3.04    	0.904655
58 	91    	0       	0.613043	0.503054	0.168741	1       	5       	3.14    	0.905759
59 	89    	0       	0.613429	0.537115	0.130644	1       	4       	2.94    	0.914549
60 	91    	0       	0.613043	0.547621	0.11329 	1       	5       	2.98    	0.824379
61 	86    	0       	0.613043	0.497192	0.193241	1       	5       	2.89    	0.84729 
62 	91    	0       	0.613043	0.528579	0.135036	1       	5       	2.87    	0.820427
63 	97    	0       	0.611636	0.529178	0.149534	1       	5       	2.9     	0.830662
64 	90    	0       	0.611636	0.530373	0.155668	1       	5       	2.94    	0.957288
65 	93    	0       	0.611636	0.493091	0.191006	1       	5       	3.01    	0.994937
66 	96    	0       	0.611636	0.483911	0.188555	1       	5       	2.93    	0.972163
67 	88    	0       	0.611636	0.511488	0.160787	1       	5       	2.88    	0.941063
68 	90    	0       	0.611636	0.526076	0.14114 	1       	5       	2.96    	1.06696 
69 	83    	0       	0.611636	0.517998	0.159321	1       	5       	3.08    	1.11964 
70 	90    	0       	0.615708	0.484653	0.198982	1       	5       	3.15    	1.0332  
71 	93    	0       	0.615708	0.532903	0.150346	1       	5       	3.13    	0.986458
72 	93    	0       	0.615708	0.541572	0.125422	1       	5       	3.21    	0.962237
73 	91    	0       	0.615708	0.502544	0.181129	1       	5       	3.29    	0.941223
74 	93    	0       	0.615708	0.502584	0.178715	2       	5       	3.26    	0.855804
75 	90    	0       	0.615708	0.517458	0.155121	1       	5       	3.19    	0.808641
76 	81    	0       	0.615708	0.552027	0.111843	2       	5       	3.13    	0.795676
77 	83    	0       	0.615708	0.509885	0.171931	2       	5       	3.26    	0.855804
78 	89    	0       	0.615708	0.525638	0.142178	2       	5       	3.17    	0.849176
79 	86    	0       	0.615708	0.542776	0.131331	2       	5       	3.22    	0.922822
80 	87    	0       	0.615708	0.513263	0.175345	2       	5       	3.18    	0.887468
81 	79    	0       	0.615708	0.515453	0.160009	2       	5       	3.14    	0.883403
82 	90    	0       	0.615708	0.535902	0.140032	1       	5       	3.26    	0.844038
83 	88    	0       	0.615708	0.521688	0.173352	1       	5       	3.39    	0.859011
84 	89    	0       	0.615708	0.511929	0.177984	1       	5       	3.47    	0.793158
85 	89    	0       	0.615708	0.527475	0.143853	1       	5       	3.42    	0.763937
86 	88    	0       	0.615708	0.521442	0.155347	1       	5       	3.3     	0.793725
87 	88    	0       	0.615708	0.527518	0.139749	1       	5       	3.18    	0.829216
88 	97    	0       	0.615708	0.510345	0.16975 	1       	5       	3.21    	0.816027
89 	92    	0       	0.615708	0.484067	0.185728	1       	5       	3.23    	0.822861
90 	94    	0       	0.615708	0.473836	0.205443	1       	5       	3.14    	0.905759
91 	89    	0       	0.615708	0.495327	0.193388	1       	5       	3.14    	0.872009
92 	93    	0       	0.615708	0.501755	0.184099	1       	5       	3.22    	0.889719
93 	89    	0       	0.615708	0.501906	0.180185	1       	5       	3.21    	0.90879 
94 	88    	0       	0.615708	0.525309	0.135678	1       	5       	3.06    	0.892412
95 	93    	0       	0.615708	0.516274	0.145657	1       	5       	3.04    	0.94784 
96 	88    	0       	0.615708	0.506247	0.154751	1       	4       	2.9     	0.932738
97 	90    	0       	0.615708	0.541357	0.124144	1       	4       	2.96    	0.915642
98 	91    	0       	0.615708	0.510407	0.176947	1       	4       	2.86    	1.0002  
99 	91    	0       	0.615708	0.516105	0.150686	1       	4       	2.68    	1.01863 
100	97    	0       	0.615708	0.493445	0.187316	1       	5       	2.84    	1.0837  
--- 10117.327889680862 sec ---
