   	      	                        fitness                         	                          size                          
   	      	--------------------------------------------------------	--------------------------------------------------------
gen	nevals	min     	max     	avg     	std     	min     	max     	avg     	std     
0  	100   	0       	0.749444	0.234906	0.218179	1       	5       	2.83    	1.15806 
1  	96    	0       	0.749444	0.343507	0.192135	1       	5       	2.8     	1.10454 
2  	95    	0       	0.749444	0.370461	0.192781	1       	5       	3       	1.06771 
3  	97    	0       	0.749444	0.423002	0.193517	1       	4       	3.17    	0.970103
4  	96    	0       	0.749444	0.407848	0.216779	1       	4       	3.05    	1.08972 
5  	95    	0       	0.749444	0.484735	0.208317	1       	5       	3.07    	1.12477 
6  	94    	0       	0.749444	0.527526	0.181532	1       	4       	3.04    	1.09471 
7  	90    	0       	0.749444	0.508365	0.215816	1       	5       	2.98    	1.13119 
8  	89    	0       	0.749444	0.524589	0.190234	1       	5       	3.09    	1.11441 
9  	90    	0       	0.749444	0.554474	0.196937	1       	4       	3.2     	1.0198  
10 	86    	0       	0.749444	0.593654	0.171039	1       	4       	2.92    	1.11068 
11 	88    	0       	0.782593	0.623406	0.162898	1       	4       	2.9     	1.14455 
12 	91    	0       	0.782593	0.609141	0.194235	1       	5       	2.79    	1.16872 
13 	95    	0       	0.782593	0.635041	0.171121	1       	5       	2.94    	1.18169 
14 	90    	0       	0.782593	0.642791	0.175417	1       	5       	2.94    	1.22327 
15 	91    	0       	0.782593	0.648791	0.18058 	1       	5       	2.75    	1.28355 
16 	87    	0       	0.782593	0.642196	0.197335	1       	5       	2.78    	1.24563 
17 	80    	0       	0.782593	0.640107	0.216127	1       	5       	2.67    	1.29657 
18 	92    	0       	0.782963	0.673083	0.147842	1       	5       	2.61    	1.31829 
19 	87    	0       	0.782593	0.691972	0.127128	1       	5       	2.74    	1.3829  
20 	88    	0       	0.785926	0.657748	0.187112	1       	5       	2.71    	1.37328 
21 	89    	0       	0.785926	0.617054	0.228174	1       	5       	2.63    	1.34651 
22 	90    	0       	0.786296	0.621678	0.213956	1       	5       	2.8     	1.37113 
23 	86    	0       	0.786296	0.643669	0.180086	1       	5       	2.77    	1.34056 
24 	90    	0       	0.786296	0.643307	0.203179	1       	5       	2.88    	1.26712 
25 	91    	0       	0.786296	0.657415	0.160402	1       	5       	3.09    	1.19243 
26 	97    	0       	0.785926	0.624381	0.18953 	1       	5       	3.28    	1.10526 
27 	86    	0       	0.786296	0.6446  	0.191272	1       	5       	3.18    	0.983667
28 	94    	0       	0.786296	0.662754	0.147589	1       	5       	3.31    	0.986864
29 	92    	0       	0.786296	0.634459	0.213139	1       	5       	3.36    	1.00519 
30 	91    	0       	0.786296	0.610122	0.222153	1       	5       	3.29    	1.03242 
31 	93    	0       	0.786296	0.637763	0.205795	1       	5       	3.12    	1.07033 
32 	90    	0       	0.786296	0.67242 	0.171284	1       	5       	3.08    	0.976524
33 	89    	0       	0.786296	0.647224	0.201005	1       	5       	3.08    	0.996795
34 	93    	0       	0.786296	0.61715 	0.240447	1       	5       	3.17    	1.00055 
35 	97    	0       	0.785926	0.640804	0.208679	1       	5       	3.19    	1.06485 
36 	88    	0       	0.786296	0.628204	0.23134 	1       	5       	3.14    	1.07722 
37 	86    	0       	0.786296	0.636539	0.198064	1       	5       	3.19    	1.1375  
38 	91    	0       	0.786296	0.639311	0.227057	1       	5       	3.28    	0.884081
39 	92    	0       	0.786296	0.646983	0.211793	1       	5       	3.27    	0.870115
40 	92    	0       	0.786296	0.676733	0.163879	1       	5       	3.18    	0.817068
41 	84    	0       	0.786296	0.639407	0.231514	1       	5       	3.13    	0.912743
42 	89    	0       	0.786296	0.638128	0.216361	1       	5       	3.19    	0.844926
43 	94    	0       	0.786296	0.65827 	0.166271	1       	5       	3.36    	0.854634
44 	89    	0       	0.786296	0.647048	0.203715	1       	5       	3.52    	0.877268
45 	89    	0       	0.786296	0.665035	0.177053	1       	5       	3.54    	0.9531  
46 	94    	0       	0.786296	0.632074	0.205573	1       	5       	3.49    	0.9219  
47 	90    	0       	0.786296	0.643715	0.217504	1       	5       	3.72    	0.917388
48 	94    	0       	0.786296	0.659144	0.181084	1       	5       	3.56    	1.02294 
49 	96    	0       	0.786296	0.629128	0.225187	2       	5       	3.54    	0.963535
50 	91    	0       	0.786296	0.623207	0.229129	2       	5       	3.8     	1.02956 
51 	96    	0       	0.786296	0.590785	0.240129	1       	5       	3.81    	1.05541 
52 	98    	0       	0.786296	0.618417	0.216882	1       	5       	3.71    	1.12512 
53 	91    	0       	0.786296	0.619865	0.234209	1       	5       	3.72    	1.15827 
54 	94    	0       	0.786296	0.640296	0.199123	2       	5       	3.65    	0.963068
55 	89    	0       	0.786296	0.634963	0.203744	2       	5       	3.72    	0.970361
56 	94    	0       	0.786296	0.630661	0.211924	1       	5       	3.62    	0.977548
57 	96    	0       	0.786296	0.666315	0.170918	2       	5       	3.66    	0.918912
58 	91    	0       	0.786296	0.663087	0.168119	1       	5       	3.64    	0.94361 
59 	94    	0       	0.786296	0.613448	0.221661	1       	5       	3.42    	0.850647
60 	95    	0       	0.786296	0.637865	0.19231 	1       	5       	3.53    	0.876983
61 	94    	0       	0.786296	0.599831	0.237327	1       	5       	3.4     	1.0198  
62 	91    	0       	0.786296	0.638728	0.198148	1       	5       	3.49    	0.994937
63 	92    	0       	0.786296	0.626163	0.211661	1       	5       	3.4     	0.916515
64 	90    	0       	0.787963	0.648093	0.205173	1       	5       	3.41    	0.980765
65 	91    	0       	0.787963	0.666444	0.17848 	1       	5       	3.42    	0.981631
66 	88    	0       	0.79463 	0.652983	0.203003	1       	5       	3.56    	0.993177
67 	89    	0       	0.79463 	0.619406	0.237961	1       	5       	3.43    	1.05124 
68 	88    	0       	0.79463 	0.656976	0.188113	1       	5       	3.5     	1.09087 
69 	81    	0       	0.79463 	0.687285	0.137632	1       	5       	3.47    	1.12654 
70 	88    	0       	0.79463 	0.706831	0.101725	1       	5       	3.43    	1.0794  
71 	89    	0       	0.79463 	0.668052	0.17764 	1       	5       	3.58    	1.18474 
72 	96    	0       	0.79463 	0.639269	0.232382	1       	5       	3.65    	1.14346 
73 	92    	0       	0.79463 	0.678194	0.161711	1       	5       	3.61    	1.12156 
74 	90    	0       	0.79463 	0.649467	0.195627	1       	5       	3.37    	1.07382 
75 	88    	0       	0.79463 	0.63253 	0.2139  	1       	5       	3.42    	1.0018  
76 	90    	0       	0.79463 	0.67273 	0.157624	1       	5       	3.56    	0.962497
77 	91    	0       	0.79463 	0.64517 	0.227613	2       	5       	3.48    	0.899778
78 	92    	0       	0.79463 	0.673037	0.188183	2       	5       	3.45    	0.804674
79 	90    	0       	0.79463 	0.661626	0.204895	1       	5       	3.36    	0.806474
80 	83    	0       	0.79463 	0.654902	0.231126	1       	5       	3.37    	0.808146
81 	94    	0       	0.79463 	0.661   	0.201745	2       	5       	3.37    	0.687823
82 	93    	0       	0.79463 	0.652059	0.208689	1       	5       	3.27    	0.705053
83 	92    	0       	0.79463 	0.637056	0.234737	1       	5       	3.22    	0.782049
84 	89    	0       	0.79463 	0.62148 	0.242117	1       	5       	3.16    	0.833307
85 	91    	0       	0.79463 	0.669231	0.183276	2       	5       	3.29    	0.682569
86 	91    	0       	0.79463 	0.663581	0.194581	2       	5       	3.25    	0.829156
87 	88    	0       	0.79463 	0.659293	0.203345	1       	5       	3.14    	0.848764
88 	90    	0       	0.79463 	0.628707	0.221009	1       	5       	3       	0.916515
89 	85    	0       	0.79463 	0.684706	0.14944 	1       	5       	2.92    	0.79599 
90 	90    	0       	0.79463 	0.662561	0.182764	1       	5       	3.05    	0.864581
91 	92    	0       	0.79463 	0.640802	0.207799	2       	5       	3.06    	0.869713
92 	90    	0       	0.79463 	0.65142 	0.20255 	1       	5       	2.84    	0.88    
93 	93    	0       	0.79463 	0.662159	0.183899	1       	5       	2.85    	0.887412
94 	78    	0       	0.79463 	0.62445 	0.241399	2       	5       	2.77    	0.759671
95 	89    	0       	0.79463 	0.675787	0.147576	1       	5       	2.64    	0.781281
96 	85    	0       	0.79463 	0.670587	0.187942	2       	5       	2.8     	0.707107
97 	88    	0       	0.79463 	0.648513	0.202368	1       	5       	2.86    	0.836899
98 	91    	0       	0.79463 	0.63188 	0.221997	1       	5       	2.7     	0.877496
99 	83    	0       	0.79463 	0.63598 	0.215445	1       	5       	2.61    	0.77324 
100	87    	0       	0.79463 	0.661022	0.172479	1       	5       	2.63    	0.808146
--- 5889.428201198578 sec ---
