   	      	                        fitness                         	                          size                          
   	      	--------------------------------------------------------	--------------------------------------------------------
gen	nevals	min     	max     	avg     	std     	min     	max     	avg     	std     
0  	100   	0       	0.990565	0.588922	0.404926	1       	5       	2.78    	1.16258 
1  	93    	0       	0.990565	0.773564	0.309251	1       	5       	2.58    	1.11517 
2  	93    	0       	0.990996	0.799187	0.315587	1       	5       	2.6     	1.14018 
3  	93    	0       	0.99316 	0.864701	0.265843	1       	5       	2.51    	1.14451 
4  	95    	0       	0.99316 	0.854837	0.286846	1       	5       	2.85    	1.16082 
5  	93    	0       	0.99316 	0.860902	0.285752	1       	5       	2.96    	1.04805 
6  	99    	0       	0.99316 	0.460709	0.482107	1       	5       	2.97    	0.963898
--- 3632.40873670578 sec ---
