   	      	                        fitness                         	                          size                          
   	      	--------------------------------------------------------	--------------------------------------------------------
gen	nevals	min     	max     	avg     	std     	min     	max     	avg     	std     
0  	100   	0       	0.736717	0.383914	0.267952	1       	5       	2.81    	1.0742  
1  	97    	0       	0.738893	0.511966	0.187651	1       	4       	2.59    	1.09631 
2  	93    	0       	0.738893	0.517665	0.191256	1       	5       	2.73    	1.14765 
3  	96    	0       	0.826888	0.55058 	0.17301 	1       	5       	2.77    	1.10322 
4  	94    	0       	0.842285	0.568843	0.178886	1       	4       	2.92    	0.986712
5  	95    	0       	0.849422	0.558434	0.199616	1       	5       	3.06    	1.08462 
6  	93    	0       	0.849422	0.606089	0.167534	1       	5       	3.16    	1.01705 
7  	96    	0       	0.858234	0.266648	0.319345	1       	4       	3.14    	1.0002  
--- 3611.392659664154 sec ---
