   	      	                        fitness                         	                          size                          
   	      	--------------------------------------------------------	--------------------------------------------------------
gen	nevals	min     	max     	avg     	std     	min     	max     	avg     	std     
0  	100   	0       	0.763087	0.398681	0.269498	1       	5       	2.57    	1.14241 
1  	94    	0       	0.763087	0.461431	0.242093	1       	5       	2.52    	1.10887 
2  	92    	0       	0.777964	0.527294	0.208924	1       	4       	2.67    	1.0301  
3  	87    	0       	0.777964	0.587507	0.177561	1       	4       	2.72    	0.928224
4  	94    	0       	0.779716	0.580791	0.224871	1       	5       	2.8     	0.927362
5  	94    	0       	0.779716	0.341018	0.342996	1       	5       	2.66    	0.851117
--- 21600.28156375885 sec ---
