   	      	                        fitness                         	                          size                          
   	      	--------------------------------------------------------	--------------------------------------------------------
gen	nevals	min     	max     	avg     	std     	min     	max     	avg     	std     
0  	100   	0       	0.900392	0.498194	0.365636	1       	5       	2.81    	1.0742  
1  	96    	0       	0.914191	0.672069	0.289174	1       	4       	2.67    	1.07754 
2  	94    	0       	0.923775	0.777007	0.181485	1       	5       	2.75    	1.05238 
3  	95    	0       	0.926324	0.77609 	0.222366	1       	5       	2.88    	1.12499 
4  	97    	0       	0.931373	0.790627	0.208996	1       	5       	2.86    	1.08646 
5  	99    	0       	0.931373	0.784465	0.226534	1       	5       	2.92    	1.19733 
6  	96    	0       	0.932206	0.800533	0.211665	1       	5       	2.98    	1.24081 
7  	92    	0       	0.932206	0.792243	0.222966	1       	5       	2.96    	1.22409 
8  	98    	0       	0.932206	0.800317	0.218072	1       	5       	2.79    	1.21074 
9  	93    	0       	0.932206	0.830174	0.163613	1       	5       	2.75    	1.1694  
10 	93    	0       	0.932206	0.8155  	0.202224	1       	5       	2.77    	1.1735  
11 	93    	0       	0.932206	0.853104	0.159912	1       	5       	2.73    	1.16495 
12 	91    	0       	0.947255	0.835506	0.199116	1       	5       	2.9     	1.21244 
13 	98    	0       	0.947255	0.816907	0.231804	1       	4       	3.07    	1.0223  
14 	91    	0       	0.947255	0.822609	0.230329	1       	4       	3.08    	1.00678 
15 	98    	0       	0.947255	0.829575	0.212805	1       	4       	3.12    	0.919565
16 	97    	0       	0.947255	0.853616	0.160412	1       	5       	3.21    	1.02269 
17 	91    	0       	0.947255	0.836146	0.197662	1       	5       	3.1     	1.00499 
18 	96    	0       	0.947255	0.862306	0.158809	1       	4       	3.1     	1.01489 
19 	92    	0       	0.94902 	0.839389	0.214308	1       	4       	3.13    	1.01642 
20 	90    	0       	0.94902 	0.877263	0.103835	1       	4       	3.3     	0.9     
21 	94    	0       	0.94902 	0.860294	0.182867	1       	4       	3.22    	0.911921
22 	96    	0       	0.94902 	0.810526	0.263647	1       	5       	3.24    	0.906863
23 	97    	0       	0.94902 	0.845401	0.20235 	1       	5       	3.41    	0.813572
24 	93    	0       	0.94902 	0.86674 	0.180202	1       	5       	3.47    	0.767529
25 	94    	0       	0.94902 	0.867238	0.180226	1       	4       	3.55    	0.71239 
26 	98    	0       	0.94902 	0.829139	0.247722	1       	5       	3.68    	0.64622 
27 	95    	0       	0.94902 	0.888493	0.10023 	1       	4       	3.62    	0.689638
28 	97    	0       	0.94902 	0.850587	0.202066	1       	5       	3.55    	0.726292
29 	100   	0       	0.94902 	0.88129 	0.137933	1       	4       	3.63    	0.577148
30 	93    	0       	0.94902 	0.842787	0.220731	1       	4       	3.54    	0.713022
31 	97    	0       	0.94902 	0.878549	0.138105	1       	5       	3.53    	0.699357
32 	95    	0       	0.94902 	0.875638	0.16393 	1       	5       	3.63    	0.673127
33 	96    	0       	0.952353	0.840852	0.234361	1       	5       	3.62    	0.718053
34 	93    	0       	0.952353	0.86874 	0.161773	1       	5       	3.67    	0.648922
35 	94    	0       	0.952353	0.865494	0.183517	1       	5       	3.54    	0.78    
36 	96    	0       	0.952353	0.843507	0.216986	1       	5       	3.51    	0.842556
37 	97    	0       	0.952353	0.866736	0.161438	1       	5       	3.52    	0.830422
38 	94    	0       	0.952353	0.867688	0.184975	1       	4       	3.47    	0.793158
39 	92    	0       	0.955686	0.857659	0.203784	1       	5       	3.67    	0.721873
40 	96    	0       	0.955686	0.843806	0.220958	1       	5       	3.65    	0.698212
41 	93    	0       	0.955686	0.859711	0.185556	1       	5       	3.73    	0.705053
42 	93    	0       	0.955686	0.834658	0.235592	1       	5       	3.78    	0.575847
43 	97    	0       	0.955686	0.851501	0.217397	1       	5       	3.72    	0.708237
44 	97    	0       	0.955686	0.829582	0.247109	1       	5       	3.83    	0.600916
45 	90    	0       	0.955686	0.835388	0.235546	1       	5       	3.72    	0.679412
46 	96    	0       	0.955686	0.859523	0.184815	1       	5       	3.75    	0.71239 
47 	89    	0       	0.955686	0.852093	0.202975	1       	5       	3.67    	0.749066
48 	98    	0       	0.955686	0.830219	0.249361	1       	5       	3.7     	0.768115
49 	98    	0       	0.955686	0.822175	0.251017	1       	5       	3.76    	0.801499
50 	92    	0       	0.955686	0.876748	0.136241	1       	5       	3.76    	0.763151
51 	97    	0       	0.955686	0.833576	0.24718 	1       	5       	3.76    	0.838093
52 	97    	0       	0.955686	0.872123	0.160584	1       	5       	3.77    	0.746391
53 	91    	0       	0.955686	0.861305	0.20284 	2       	5       	3.8     	0.678233
54 	95    	0       	0.955686	0.85903 	0.205599	1       	5       	3.83    	0.721873
55 	93    	0       	0.955686	0.862179	0.200486	1       	5       	3.67    	0.788099
56 	95    	0       	0.955686	0.858416	0.203586	2       	5       	3.68    	0.835225
57 	96    	0       	0.955686	0.861058	0.201145	2       	5       	3.68    	0.881816
58 	98    	0       	0.955686	0.859695	0.199597	2       	5       	3.68    	0.835225
59 	92    	0       	0.955686	0.870567	0.181683	1       	5       	3.75    	0.804674
60 	94    	0       	0.955686	0.877883	0.162367	1       	5       	3.85    	0.753326
61 	93    	0       	0.955686	0.876601	0.181018	2       	5       	3.88    	0.69685 
62 	92    	0       	0.956471	0.862116	0.203523	2       	5       	3.83    	0.584038
63 	96    	0       	0.956471	0.848644	0.218185	1       	5       	3.77    	0.746391
64 	93    	0       	0.956471	0.879169	0.143139	1       	5       	3.73    	0.645833
65 	95    	0       	0.956471	0.868396	0.167216	1       	5       	3.83    	0.617333
66 	95    	0       	0.956471	0.870664	0.165992	1       	5       	3.93    	0.514879
67 	95    	0       	0.956471	0.874909	0.162438	2       	5       	3.92    	0.483322
68 	95    	0       	0.956471	0.826413	0.26311 	3       	5       	3.86    	0.469468
69 	96    	0       	0.956471	0.826437	0.261851	1       	5       	3.66    	0.777432
70 	85    	0       	0.956471	0.834254	0.248256	2       	5       	3.89    	0.733417
71 	98    	0       	0.956471	0.854403	0.220908	2       	5       	3.91    	0.736139
72 	93    	0       	0.956471	0.817956	0.262861	2       	5       	3.84    	0.65909 
73 	97    	0       	0.956471	0.868515	0.18346 	1       	5       	3.79    	0.621208
74 	96    	0       	0.956471	0.885729	0.138887	1       	5       	3.71    	0.682569
75 	97    	0       	0.956471	0.886328	0.137246	2       	5       	3.73    	0.676092
76 	97    	0       	0.956471	0.843576	0.22394 	1       	5       	3.67    	0.749066
77 	93    	0       	0.956471	0.844356	0.221684	1       	5       	3.78    	0.807217
78 	96    	0       	0.956471	0.843052	0.234831	1       	5       	3.72    	0.775629
79 	93    	0       	0.956471	0.853099	0.218505	2       	5       	3.73    	0.676092
80 	94    	0       	0.956471	0.832994	0.235818	1       	5       	3.75    	0.726292
81 	93    	0       	0.956471	0.87116 	0.180833	1       	5       	3.82    	0.712461
82 	96    	0       	0.956471	0.778463	0.315643	3       	5       	3.78    	0.641561
83 	94    	0       	0.956471	0.87187 	0.146598	1       	5       	3.67    	0.707884
84 	95    	0       	0.956471	0.846105	0.220205	1       	5       	3.76    	0.618385
85 	91    	0       	0.956471	0.823794	0.26348 	1       	5       	3.67    	0.648922
86 	94    	0       	0.956471	0.808979	0.27704 	1       	5       	3.66    	0.815107
87 	94    	0       	0.956471	0.842009	0.234114	2       	5       	3.74    	0.687314
88 	98    	0       	0.956471	0.81726 	0.250895	1       	5       	3.65    	0.792149
89 	95    	0.695588	0.956471	0.902736	0.0357019	1       	5       	3.73    	0.676092
90 	89    	0       	0.956471	0.830285	0.24845  	1       	5       	3.71    	0.752263
91 	95    	0       	0.956471	0.874161	0.180305 	1       	5       	3.64    	0.781281
92 	91    	0       	0.956471	0.889722	0.131143 	1       	5       	3.68    	0.661513
93 	97    	0       	0.956471	0.864076	0.200499 	1       	5       	3.67    	0.707884
94 	99    	0       	0.956471	0.855995	0.205295 	1       	5       	3.71    	0.816027
95 	94    	0       	0.956471	0.892194	0.106554 	1       	5       	3.69    	0.658711
96 	99    	0       	0.956471	0.853184	0.218531 	1       	5       	3.65    	0.726292
97 	97    	0       	0.956471	0.84861 	0.220807 	1       	5       	3.63    	0.642729
98 	96    	0       	0.956471	0.847267	0.220693 	2       	5       	3.57    	0.636475
99 	94    	0       	0.956471	0.866251	0.181971 	1       	5       	3.53    	0.713512
100	96    	0       	0.956471	0.846213	0.234601 	2       	5       	3.65    	0.53619 
--- 9858.10484457016 sec ---
