   	      	                        fitness                         	                          size                          
   	      	--------------------------------------------------------	--------------------------------------------------------
gen	nevals	min     	max     	avg     	std     	min     	max     	avg     	std     
0  	100   	0       	0.724723	0.400452	0.27682 	1       	5       	2.91    	1.12334 
1  	94    	0       	0.730395	0.507702	0.225721	1       	5       	2.64    	1.17915 
2  	96    	0       	0.730395	0.580003	0.178258	1       	5       	2.51    	1.20412 
3  	96    	0       	0.733784	0.590111	0.198906	1       	5       	2.69    	1.22225 
4  	94    	0       	0.733784	0.600761	0.190624	1       	5       	2.74    	1.08277 
5  	97    	0       	0.741682	0.6058  	0.181031	1       	5       	2.79    	1.20246 
6  	98    	0       	0.741682	0.623864	0.192224	1       	5       	2.89    	1.17384 
7  	99    	0       	0.741682	0.628068	0.181529	1       	5       	2.68    	1.11247 
8  	94    	0       	0.741682	0.641874	0.172411	1       	5       	2.64    	1.10923 
9  	93    	0       	0.741682	0.637931	0.184612	1       	5       	2.72    	1.12321 
10 	90    	0       	0.741682	0.636604	0.184908	1       	5       	2.68    	0.968297
11 	96    	0       	0.741682	0.603599	0.221247	1       	5       	2.82    	0.993781
12 	95    	0       	0.741682	0.614889	0.204147	1       	5       	2.81    	1.03629 
13 	92    	0       	0.741682	0.622005	0.2038  	1       	5       	2.95    	1.0332  
14 	93    	0       	0.741682	0.614022	0.204865	1       	5       	2.82    	0.993781
15 	90    	0       	0.741682	0.660732	0.132482	1       	5       	2.78    	0.911921
16 	92    	0       	0.745253	0.586844	0.228321	1       	5       	3.04    	0.978979
17 	93    	0       	0.745253	0.660724	0.1328  	1       	5       	2.74    	0.844038
18 	90    	0       	0.745253	0.621628	0.213485	1       	5       	2.67    	0.87241 
19 	91    	0       	0.745253	0.662605	0.134075	1       	5       	2.64    	0.911263
20 	92    	0       	0.745253	0.634618	0.185866	1       	5       	2.69    	0.844926
21 	88    	0       	0.745253	0.65705 	0.161627	1       	5       	2.85    	0.84113 
22 	93    	0       	0.745253	0.640228	0.175935	1       	5       	2.84    	0.80895 
23 	89    	0       	0.745253	0.647348	0.163985	1       	5       	2.75    	0.876071
24 	87    	0       	0.745253	0.648697	0.163538	1       	5       	2.91    	0.990909
25 	82    	0       	0.745253	0.64282 	0.18687 	1       	5       	2.79    	0.863655
26 	87    	0       	0.745253	0.671719	0.132662	1       	4       	2.72    	0.7494  
27 	82    	0       	0.745253	0.662048	0.147236	1       	5       	2.78    	0.831625
28 	95    	0       	0.745253	0.638611	0.18655 	1       	5       	2.8     	0.8     
29 	90    	0       	0.745253	0.661183	0.135333	1       	5       	2.79    	0.73885 
30 	93    	0       	0.745253	0.67525 	0.129338	1       	5       	2.67    	0.707884
31 	88    	0       	0.745253	0.648827	0.184518	1       	5       	2.75    	0.753326
32 	94    	0       	0.745253	0.660813	0.171348	2       	5       	2.98    	0.720833
33 	88    	0       	0.745253	0.647291	0.173824	1       	4       	2.99    	0.699929
34 	87    	0       	0.745253	0.630087	0.214351	1       	5       	3.04    	0.760526
35 	89    	0       	0.748682	0.63435 	0.204855	1       	5       	3.08    	0.856505
36 	87    	0       	0.748682	0.664815	0.120841	2       	5       	3.04    	0.705975
37 	91    	0       	0.748682	0.644364	0.175697	2       	5       	3.03    	0.639609
38 	84    	0       	0.748682	0.648743	0.173871	1       	5       	3.05    	0.753326
39 	95    	0       	0.748682	0.619384	0.222702	2       	5       	3.09    	0.736139
40 	86    	0       	0.748682	0.655318	0.151016	1       	4       	3.09    	0.708449
41 	94    	0       	0.748682	0.642827	0.175017	1       	5       	3.02    	0.812158
42 	94    	0       	0.748682	0.647013	0.162033	1       	5       	3.11    	0.798686
43 	91    	0       	0.748682	0.639367	0.183902	1       	5       	3.16    	0.845222
44 	89    	0       	0.748682	0.642011	0.182585	1       	5       	3.33    	0.87241 
45 	90    	0       	0.748682	0.592811	0.243967	1       	5       	3.38    	1.04671 
46 	87    	0       	0.748682	0.625627	0.195816	1       	5       	3.16    	0.935094
47 	83    	0       	0.748682	0.646205	0.174782	1       	5       	3.18    	0.876128
48 	90    	0       	0.748682	0.625116	0.195039	1       	5       	3.17    	0.927955
49 	89    	0       	0.748682	0.634085	0.205192	1       	5       	3.21    	1.00295 
50 	85    	0       	0.748682	0.664074	0.149895	1       	5       	2.83    	1.03976 
51 	88    	0       	0.748682	0.624333	0.214646	1       	5       	2.97    	1.03397 
52 	90    	0       	0.748682	0.629754	0.205285	1       	5       	2.77    	0.978315
53 	93    	0       	0.748682	0.648202	0.184364	1       	5       	2.95    	0.89861 
54 	93    	0       	0.748682	0.57364 	0.264851	1       	5       	3       	0.969536
55 	97    	0       	0.748682	0.626142	0.203349	1       	5       	2.99    	0.932684
56 	92    	0       	0.748682	0.608822	0.222301	1       	5       	2.99    	0.910988
57 	90    	0       	0.748682	0.606656	0.221456	1       	5       	3.01    	0.842556
58 	90    	0       	0.748682	0.619171	0.202702	1       	5       	3.09    	0.849647
59 	93    	0       	0.748682	0.596416	0.229157	1       	5       	3.15    	0.876071
60 	99    	0       	0.748682	0.587714	0.234719	1       	5       	3.24    	1.01114 
61 	88    	0       	0.748682	0.659565	0.132342	1       	5       	2.85    	0.920598
62 	94    	0       	0.748682	0.608211	0.22997 	1       	5       	2.9     	0.974679
63 	95    	0       	0.748682	0.635646	0.183895	1       	5       	2.87    	0.923634
64 	92    	0       	0.748682	0.613872	0.213354	1       	5       	2.84    	0.88    
65 	93    	0       	0.748682	0.670769	0.129523	1       	5       	2.87    	0.867813
66 	90    	0       	0.748682	0.599515	0.22915 	1       	5       	3.01    	0.932684
67 	96    	0       	0.748682	0.654521	0.144701	1       	5       	3.03    	0.8995  
68 	87    	0       	0.748682	0.645925	0.183773	1       	5       	3.13    	0.867813
69 	93    	0       	0.748682	0.635135	0.194471	1       	5       	3.01    	0.830602
70 	95    	0       	0.748682	0.62764 	0.204411	1       	5       	3.09    	0.849647
71 	89    	0       	0.748682	0.673978	0.130165	1       	5       	3.07    	0.863192
72 	95    	0       	0.748682	0.592719	0.238188	1       	5       	3.06    	0.858138
73 	90    	0       	0.748682	0.626455	0.185709	1       	5       	2.97    	0.910549
74 	90    	0       	0.748682	0.608027	0.22293 	1       	5       	3.1     	1.00499 
75 	95    	0       	0.748682	0.639123	0.173608	1       	5       	3.18    	0.993781
76 	95    	0       	0.748682	0.607712	0.23136 	1       	5       	3.31    	0.934826
77 	97    	0       	0.748682	0.612289	0.221537	1       	5       	3.35    	0.829156
78 	95    	0       	0.748682	0.542957	0.291246	1       	5       	3.25    	0.817007
79 	93    	0       	0.748682	0.595345	0.222154	1       	5       	3.35    	0.852936
80 	93    	0       	0.748682	0.553518	0.274123	1       	5       	3.34    	0.918912
81 	94    	0       	0.748682	0.57314 	0.258087	1       	5       	3.37    	0.808146
82 	94    	0       	0.748682	0.624147	0.204671	1       	5       	3.17    	0.849176
83 	89    	0       	0.748682	0.604281	0.220868	1       	5       	3.14    	0.872009
84 	97    	0       	0.748682	0.573848	0.264674	1       	5       	3.22    	0.782049
85 	96    	0       	0.748682	0.579974	0.250832	1       	5       	3.24    	0.838093
86 	97    	0       	0.748682	0.566396	0.270533	2       	5       	3.41    	0.813572
87 	98    	0       	0.748682	0.583597	0.244621	2       	5       	3.26    	0.769675
88 	92    	0       	0.748682	0.613488	0.216206	2       	5       	3.28    	0.813388
89 	94    	0       	0.748682	0.622339	0.215753	1       	5       	3.36    	0.830903
90 	94    	0       	0.748682	0.654703	0.185665	1       	5       	3.51    	0.714073
91 	93    	0       	0.748682	0.620961	0.207108	2       	5       	3.51    	0.62442 
92 	98    	0       	0.748682	0.585242	0.244271	1       	5       	3.58    	0.737292
93 	95    	0       	0.748682	0.614622	0.233952	1       	5       	3.6     	0.748331
94 	96    	0       	0.748682	0.608264	0.241749	2       	5       	3.61    	0.646452
95 	95    	0       	0.748682	0.645225	0.18663 	2       	5       	3.62    	0.612862
96 	94    	0       	0.748682	0.6425  	0.187082	1       	5       	3.5     	0.74162 
97 	98    	0       	0.748682	0.653817	0.18576 	1       	5       	3.51    	0.741552
98 	96    	0       	0.748682	0.634523	0.207188	1       	5       	3.63    	0.730137
99 	98    	0       	0.748692	0.628636	0.208613	1       	5       	3.69    	0.770649
100	99    	0       	0.748692	0.647495	0.187999	1       	4       	3.69    	0.744245
--- 7196.501258611679 sec ---
