   	      	                        fitness                         	                          size                          
   	      	--------------------------------------------------------	--------------------------------------------------------
gen	nevals	min     	max     	avg     	std     	min     	max     	avg     	std     
0  	100   	0       	0.971286	0.318368	0.336321	1       	5       	2.83    	1.15806 
1  	97    	0       	0.997782	0.39246 	0.336249	1       	4       	2.88    	1.098   
2  	96    	0       	0.999466	0.576263	0.308694	1       	4       	2.9     	1.06301 
3  	95    	0       	0.999466	0.609698	0.343791	1       	4       	2.72    	1.14088 
4  	95    	0       	0.99947 	0.583099	0.388191	1       	5       	2.81    	1.18908 
5  	90    	0       	0.99947 	0.640128	0.367888	1       	4       	2.89    	1.09449 
6  	95    	0       	0.99947 	0.683402	0.358783	1       	5       	3.19    	1.01681 
7  	92    	0       	0.99947 	0.639822	0.396631	1       	5       	3.26    	1.04518 
--- 21653.62893462181 sec ---
