   	      	                        fitness                         	                          size                          
   	      	--------------------------------------------------------	--------------------------------------------------------
gen	nevals	min     	max     	avg     	std     	min     	max     	avg     	std     
0  	100   	0       	0.62463 	0.254974	0.218909	1       	5       	2.69    	1.28604 
1  	95    	0       	0.679074	0.303956	0.228456	1       	5       	2.54    	1.22    
2  	93    	0       	0.699444	0.385183	0.195805	1       	5       	2.51    	1.17894 
3  	95    	0       	0.699444	0.399652	0.207597	1       	5       	2.54    	1.08093 
4  	94    	0       	0.727778	0.432891	0.21635 	1       	5       	2.64    	1.0346  
5  	92    	0       	0.727778	0.487   	0.194132	1       	5       	2.64    	0.985089
6  	95    	0       	0.727778	0.471789	0.225902	1       	5       	2.62    	1.15568 
7  	92    	0       	0.727778	0.507489	0.200587	1       	5       	2.63    	1.1546  
8  	95    	0       	0.734444	0.488402	0.237221	1       	5       	2.57    	1.16837 
9  	97    	0       	0.734444	0.502535	0.246676	1       	5       	2.57    	1.18537 
10 	96    	0       	0.737778	0.522141	0.22017 	1       	5       	2.41    	1.1584  
11 	91    	0       	0.737778	0.599272	0.144934	1       	5       	2.15    	1.08972 
12 	88    	0       	0.737778	0.593113	0.17306 	1       	4       	2.14    	1.07722 
13 	96    	0       	0.737778	0.566439	0.19296 	1       	5       	2.1     	1.18743 
14 	83    	0       	0.744444	0.569915	0.208427	1       	4       	2       	1.16619 
15 	94    	0       	0.744444	0.584757	0.194573	1       	4       	1.81    	1.08347 
16 	83    	0       	0.744444	0.5892  	0.200682	1       	5       	1.79    	1.14276 
17 	93    	0       	0.744444	0.5816  	0.214923	1       	4       	1.9     	1.15326 
18 	90    	0       	0.744815	0.579581	0.211723	1       	4       	2.02    	1.20814 
19 	90    	0       	0.744815	0.56793 	0.220876	1       	5       	2.21    	1.29842 
20 	87    	0       	0.744815	0.609741	0.163895	1       	4       	1.92    	1.23839 
21 	87    	0       	0.747778	0.575183	0.197092	1       	5       	1.98    	1.25682 
22 	95    	0       	0.747778	0.552902	0.220045	1       	4       	2.11    	1.32586 
23 	91    	0       	0.750185	0.55597 	0.217319	1       	5       	2.46    	1.403   
24 	94    	0       	0.758519	0.580957	0.200235	1       	4       	2.32    	1.31057 
25 	89    	0       	0.758519	0.602076	0.216913	1       	5       	2.22    	1.30828 
26 	96    	0       	0.758519	0.603739	0.188895	1       	5       	2.22    	1.23758 
27 	88    	0       	0.758519	0.595931	0.218742	1       	5       	2.29    	1.25136 
28 	93    	0       	0.758519	0.635404	0.164493	1       	4       	2.36    	1.24515 
29 	90    	0       	0.758519	0.599506	0.21792 	1       	5       	2.34    	1.29784 
30 	88    	0       	0.758519	0.632696	0.162197	1       	4       	2.35    	1.23592 
31 	88    	0       	0.758519	0.601137	0.221566	1       	4       	2.49    	1.29225 
32 	93    	0       	0.758519	0.588676	0.23116 	1       	4       	2.78    	1.25363 
33 	93    	0       	0.758519	0.600444	0.206906	1       	4       	3.03    	1.14416 
34 	91    	0       	0.758519	0.647524	0.15063 	1       	5       	3.2     	1.11355 
35 	95    	0       	0.758519	0.580822	0.24245 	1       	5       	3.17    	1.14066 
36 	96    	0       	0.758519	0.608526	0.206613	1       	5       	3.18    	1.06189 
37 	94    	0       	0.760185	0.629933	0.204011	1       	5       	3.23    	1.00851 
38 	89    	0       	0.760185	0.612643	0.220739	1       	5       	3.12    	1.01272 
39 	90    	0       	0.765185	0.652324	0.167811	1       	5       	2.94    	1.02781 
40 	92    	0       	0.780556	0.606785	0.237226	1       	5       	3.24    	1.07815 
41 	93    	0       	0.780556	0.630915	0.202378	1       	5       	3.19    	1.0266  
42 	95    	0       	0.780556	0.627307	0.190203	1       	5       	3.06    	0.977957
43 	92    	0       	0.780556	0.6504  	0.170094	1       	5       	2.93    	0.919293
44 	93    	0       	0.780556	0.646848	0.160478	2       	5       	2.92    	0.913017
45 	97    	0       	0.780556	0.585665	0.236078	2       	5       	2.82    	0.887468
46 	90    	0       	0.780556	0.62642 	0.201493	1       	5       	2.75    	0.887412
47 	94    	0       	0.780556	0.587098	0.245444	2       	5       	2.85    	0.920598
48 	95    	0       	0.780556	0.630037	0.189751	1       	5       	2.87    	0.934398
49 	93    	0       	0.780556	0.602002	0.215397	1       	5       	2.82    	0.96312 
50 	96    	0       	0.780556	0.630941	0.17806 	1       	5       	2.87    	0.955563
51 	96    	0       	0.780556	0.599935	0.201468	1       	4       	2.86    	0.927577
52 	89    	0       	0.780556	0.621615	0.182716	1       	5       	2.88    	0.886341
53 	96    	0       	0.784259	0.617846	0.220056	1       	5       	3.01    	0.899944
54 	96    	0       	0.784259	0.605056	0.206798	1       	4       	2.85    	0.792149
55 	89    	0       	0.784259	0.647135	0.135855	1       	4       	2.87    	0.856213
56 	92    	0       	0.784259	0.629804	0.145339	1       	4       	2.89    	0.835404
57 	96    	0       	0.784259	0.592794	0.223252	1       	5       	2.96    	0.847585
58 	89    	0       	0.784259	0.608067	0.201651	1       	5       	2.94    	0.869713
59 	99    	0       	0.784259	0.595033	0.214431	2       	4       	2.9     	0.830662
60 	95    	0       	0.784259	0.61895 	0.179219	1       	5       	2.8     	0.916515
61 	96    	0       	0.784259	0.590043	0.218094	1       	5       	2.79    	0.992925
62 	96    	0       	0.784259	0.564483	0.231314	1       	5       	2.8     	1       
63 	90    	0       	0.784259	0.612433	0.18434 	1       	5       	2.87    	0.901721
64 	95    	0       	0.784259	0.590315	0.215485	1       	5       	2.84    	0.88    
65 	96    	0       	0.784259	0.571713	0.243348	1       	5       	2.94    	0.977957
66 	94    	0       	0.784259	0.573389	0.215906	1       	5       	2.79    	1.00295 
67 	95    	0       	0.784259	0.576972	0.196366	1       	5       	2.94    	1.00817 
68 	92    	0       	0.784259	0.61547 	0.151936	1       	5       	2.9     	0.964365
69 	91    	0       	0.784259	0.603743	0.184389	1       	5       	2.83    	0.949263
70 	95    	0       	0.784259	0.565933	0.250944	1       	5       	2.78    	0.944246
71 	96    	0       	0.784259	0.560548	0.249202	1       	5       	2.98    	0.905318
72 	94    	0       	0.784259	0.573341	0.247358	1       	5       	2.82    	0.942125
73 	97    	0       	0.784259	0.586241	0.229183	1       	5       	3       	0.927362
74 	99    	0       	0.784259	0.61675 	0.19795 	1       	5       	2.98    	0.93787 
75 	94    	0       	0.784259	0.613104	0.210621	1       	5       	2.95    	0.973396
76 	89    	0       	0.784259	0.626254	0.174387	1       	4       	2.8     	0.979796
77 	92    	0       	0.784259	0.609465	0.203111	1       	5       	2.67    	0.949263
78 	97    	0       	0.784259	0.637467	0.170101	1       	4       	2.78    	0.900888
79 	91    	0       	0.784259	0.590976	0.229868	1       	5       	2.78    	0.954777
80 	93    	0       	0.784259	0.590035	0.223192	1       	5       	2.72    	0.980612
81 	90    	0       	0.784259	0.634872	0.1926  	1       	5       	2.65    	0.963068
82 	86    	0       	0.784259	0.615013	0.209409	1       	5       	2.6     	0.969536
83 	85    	0       	0.784259	0.616278	0.205161	1       	5       	2.42    	1.0018  
84 	84    	0       	0.784259	0.629443	0.174697	1       	4       	2.48    	1.0245  
85 	88    	0       	0.784259	0.613689	0.197862	1       	5       	2.63    	1.10141 
86 	84    	0       	0.784259	0.593183	0.22564 	1       	5       	2.73    	1.11225 
87 	90    	0       	0.784259	0.609211	0.206953	1       	4       	2.89    	1.10359 
88 	84    	0       	0.784259	0.562465	0.256135	1       	5       	2.81    	1.19746 
89 	90    	0       	0.784259	0.584226	0.231012	1       	5       	2.72    	1.14088 
90 	87    	0       	0.784259	0.600554	0.219735	1       	5       	2.68    	1.13912 
91 	94    	0       	0.784259	0.613898	0.210954	1       	5       	2.72    	1.19231 
92 	85    	0       	0.790926	0.562956	0.251126	1       	5       	2.76    	1.3124  
93 	91    	0       	0.790926	0.598022	0.228993	1       	5       	2.77    	1.31038 
94 	89    	0       	0.790926	0.554922	0.253389	1       	5       	2.89    	1.2798  
95 	93    	0       	0.790926	0.577526	0.229133	1       	5       	2.66    	1.34328 
96 	89    	0       	0.790926	0.533552	0.265599	1       	5       	2.76    	1.28156 
97 	98    	0       	0.790926	0.577152	0.205358	1       	5       	2.87    	1.1803  
98 	91    	0       	0.790926	0.598974	0.213888	1       	5       	2.87    	1.18874 
99 	89    	0       	0.791296	0.584715	0.238355	1       	5       	3.07    	1.21041 
100	86    	0       	0.791296	0.583737	0.223467	1       	5       	3.03    	1.15287 
--- 7334.173117876053 sec ---
