   	      	                        fitness                         	                          size                          
   	      	--------------------------------------------------------	--------------------------------------------------------
gen	nevals	min     	max     	avg     	std     	min     	max     	avg     	std     
0  	100   	0       	0.739714	0.515136	0.244879	1       	5       	2.92    	1.03615 
1  	71    	0       	0.739714	0.610009	0.180649	1       	5       	2.76    	1.02098 
2  	82    	0       	0.739714	0.607165	0.191634	1       	5       	2.79    	1.00295 
3  	85    	0       	0.741643	0.622129	0.182391	1       	5       	2.8     	1.00995 
4  	82    	0       	0.741643	0.611578	0.222736	1       	5       	2.79    	0.919728
5  	73    	0       	0.741643	0.683705	0.113537	1       	5       	2.59    	0.906587
6  	77    	0       	0.741643	0.627302	0.207214	1       	4       	2.6     	0.948683
7  	72    	0       	0.741643	0.653193	0.185402	1       	5       	2.58    	0.94    
8  	65    	0       	0.742082	0.642014	0.206976	1       	5       	2.68    	0.957914
9  	79    	0       	0.742082	0.676194	0.149826	1       	4       	2.48    	0.877268
10 	71    	0       	0.742082	0.680039	0.134398	1       	4       	2.35    	0.726292
11 	71    	0       	0.742082	0.638271	0.21861 	1       	5       	2.46    	0.805233
12 	63    	0       	0.742082	0.683492	0.136956	1       	5       	2.35    	0.753326
13 	60    	0       	0.742082	0.702996	0.0941435	1       	5       	2.35    	0.779423
14 	72    	0       	0.742082	0.671364	0.191092 	1       	5       	2.53    	0.727393
15 	56    	0       	0.742082	0.695415	0.135108 	1       	5       	2.5     	0.728011
16 	57    	0       	0.742082	0.666526	0.202408 	1       	5       	2.41    	0.679632
17 	65    	0       	0.742082	0.664816	0.191984 	1       	4       	2.36    	0.656049
18 	59    	0       	0.742082	0.684126	0.166836 	1       	5       	2.3     	0.6245  
19 	51    	0       	0.742082	0.655939	0.213905 	1       	4       	2.29    	0.604897
20 	48    	0       	0.742082	0.662628	0.193527 	1       	5       	2.33    	0.648922
21 	40    	0       	0.742082	0.654825	0.222975 	1       	5       	2.21    	0.534696
22 	42    	0       	0.742082	0.699937	0.133254 	1       	4       	2.17    	0.548726
23 	37    	0       	0.742082	0.707246	0.131307 	1       	5       	2.16    	0.542586
24 	33    	0       	0.742082	0.700239	0.149641 	2       	5       	2.2     	0.52915 
25 	37    	0       	0.742082	0.68175 	0.168523 	1       	4       	2.21    	0.570877
26 	27    	0       	0.742082	0.700204	0.149466 	1       	4       	2.11    	0.507839
27 	42    	0       	0.742082	0.675063	0.191189 	1       	5       	2.24    	0.649923
28 	37    	0       	0.742082	0.691381	0.16516  	1       	5       	2.14    	0.529528
29 	35    	0.5     	0.742082	0.724732	0.05448  	1       	4       	2.1     	0.43589 
30 	42    	0       	0.742082	0.684502	0.178609 	1       	4       	2.26    	0.626418
31 	29    	0       	0.742082	0.698119	0.135876 	1       	4       	2.13    	0.482804
32 	25    	0.5     	0.742082	0.726304	0.0493869	2       	4       	2.13    	0.39128 
33 	23    	0       	0.742082	0.688782	0.17743  	1       	5       	2.15    	0.53619 
34 	25    	0       	0.742082	0.712364	0.112    	2       	4       	2.06    	0.276405
35 	28    	0       	0.742082	0.715961	0.109391 	1       	5       	2.09    	0.471063
36 	22    	0       	0.742082	0.709101	0.131074 	1       	5       	2.1     	0.5     
37 	17    	0       	0.742082	0.709755	0.130763 	1       	4       	2.1     	0.43589 
38 	18    	0       	0.742082	0.707659	0.132611 	2       	4       	2.08    	0.365513
39 	22    	0       	0.742082	0.700192	0.149608 	2       	4       	2.13    	0.439431
40 	26    	0       	0.742082	0.699419	0.150549 	1       	4       	2.04    	0.372022
41 	28    	0       	0.742082	0.713898	0.110361 	2       	5       	2.13    	0.461628
42 	25    	0       	0.742082	0.71897 	0.0887987	2       	3       	2.03    	0.170587
43 	23    	0       	0.742082	0.700347	0.135423 	1       	5       	2.12    	0.49558 
44 	29    	0       	0.742082	0.699115	0.118094 	2       	4       	2.16    	0.504381
45 	33    	0       	0.742082	0.704653	0.129985 	1       	4       	2.13    	0.461628
46 	15    	0       	0.742082	0.716622	0.10851  	2       	4       	2.12    	0.381576
47 	30    	0.5     	0.742082	0.725364	0.0529064	1       	4       	2.1     	0.412311
48 	27    	0       	0.742082	0.713111	0.0948499	1       	4       	2.05    	0.357071
49 	35    	0       	0.742082	0.704925	0.113683 	1       	4       	2.14    	0.529528
50 	27    	0       	0.742082	0.69903 	0.148628 	2       	5       	2.22    	0.62578 
51 	25    	0       	0.742082	0.702158	0.134107 	1       	4       	2.11    	0.44486 
52 	32    	0       	0.74288 	0.674148	0.191738 	1       	5       	2.18    	0.572364
53 	21    	0       	0.74288 	0.698431	0.149195 	1       	4       	2.11    	0.421782
54 	29    	0       	0.74288 	0.709187	0.116511 	1       	3       	2.02    	0.198997
55 	29    	0       	0.74288 	0.690224	0.153154 	1       	4       	2.1     	0.43589 
56 	32    	0       	0.74288 	0.706798	0.132779 	1       	4       	2.1     	0.412311
57 	44    	0       	0.74288 	0.669732	0.182708 	1       	5       	2.21    	0.682569
58 	37    	0       	0.74288 	0.686459	0.155861 	1       	4       	2.03    	0.499099
59 	33    	0       	0.74288 	0.685486	0.156379 	2       	4       	2.17    	0.548726
60 	41    	0       	0.74288 	0.696066	0.136738 	1       	4       	2.12    	0.453431
61 	48    	0       	0.74288 	0.706388	0.0940934	1       	4       	2.22    	0.60959 
62 	58    	0       	0.74288 	0.668191	0.191998 	2       	5       	2.26    	0.672607
63 	43    	0       	0.74288 	0.721151	0.0842951	2       	4       	2.15    	0.47697 
64 	37    	0       	0.74288 	0.696074	0.163262 	1       	5       	2.16    	0.578273
65 	37    	0       	0.74288 	0.687244	0.137861 	1       	4       	2.19    	0.611474
66 	48    	0       	0.74288 	0.689974	0.153008 	1       	5       	2.13    	0.541387
67 	36    	0       	0.74288 	0.681651	0.178413 	1       	4       	2.06    	0.395474
68 	38    	0.5     	0.74288 	0.714666	0.0664039	1       	4       	2.06    	0.341174
69 	41    	0       	0.74288 	0.7087  	0.113587 	1       	3       	2.01    	0.223383
70 	38    	0       	0.74288 	0.693344	0.152675 	1       	5       	2.11    	0.507839
71 	38    	0       	0.74288 	0.689764	0.165428 	2       	5       	2.07    	0.38092 
72 	40    	0       	0.74288 	0.701869	0.133932 	1       	4       	2.05    	0.357071
73 	50    	0       	0.74288 	0.705204	0.132808 	1       	4       	2       	0.282843
74 	38    	0       	0.74288 	0.707552	0.133033 	1       	4       	2.07    	0.406325
75 	44    	0       	0.74288 	0.708451	0.11556  	2       	4       	2.1     	0.387298
76 	38    	0       	0.74288 	0.696478	0.149968 	2       	4       	2.07    	0.324191
77 	46    	0       	0.74288 	0.705836	0.115967 	2       	4       	2.05    	0.295804
78 	36    	0.475987	0.74288 	0.715872	0.0681776	1       	4       	2.04    	0.28    
79 	45    	0       	0.74288 	0.710863	0.114852 	1       	5       	2.04    	0.344093
80 	37    	0       	0.74288 	0.709386	0.11591  	1       	4       	2.03    	0.411218
81 	46    	0       	0.74288 	0.679107	0.155762 	1       	5       	2.16    	0.643739
82 	33    	0       	0.74288 	0.711298	0.109764 	2       	4       	2.1     	0.412311
83 	36    	0.5     	0.74288 	0.721794	0.0571843	2       	3       	2.03    	0.170587
84 	42    	0       	0.74288 	0.695766	0.136587 	1       	5       	2.16    	0.578273
85 	39    	0       	0.74288 	0.677462	0.168525 	1       	4       	2.09    	0.426497
86 	32    	0       	0.74288 	0.690565	0.138667 	1       	4       	2.04    	0.28    
87 	43    	0       	0.74288 	0.6833  	0.153397 	1       	4       	2.14    	0.510294
88 	49    	0       	0.74288 	0.687563	0.125382 	1       	4       	2.11    	0.44486 
89 	42    	0       	0.74288 	0.710349	0.0943656	1       	2       	1.97    	0.170587
90 	46    	0       	0.74288 	0.681682	0.141156 	1       	5       	2.11    	0.466798
91 	38    	0       	0.74288 	0.636692	0.214489 	1       	4       	2.18    	0.554617
--- 3605.259613275528 sec ---
