   	      	                        fitness                         	                          size                          
   	      	--------------------------------------------------------	--------------------------------------------------------
gen	nevals	min     	max     	avg     	std     	min     	max     	avg     	std     
0  	100   	0       	0.427175	0.147093	0.122309	1       	5       	2.76    	1.24193 
1  	95    	0       	0.427175	0.1942  	0.126356	1       	5       	2.18    	1.22784 
2  	97    	0       	0.427175	0.247906	0.105971	1       	5       	2.15    	1.20312 
3  	98    	0       	0.427175	0.276409	0.120375	1       	5       	2.38    	1.21474 
4  	98    	0       	0.427175	0.283061	0.127628	1       	5       	2.54    	1.20349 
5  	95    	0       	0.430603	0.319101	0.116964	1       	5       	2.33    	1.14939 
6  	90    	0       	0.432069	0.315128	0.139849	1       	5       	2.44    	1.20266 
7  	92    	0       	0.432069	0.344504	0.118357	1       	4       	2.41    	1.11441 
8  	91    	0       	0.435996	0.349512	0.117024	1       	4       	2.54    	1.09927 
9  	91    	0       	0.444165	0.346536	0.124712	1       	5       	2.54    	1.12623 
10 	88    	0       	0.446446	0.35931 	0.114191	1       	4       	2.3     	1.06301 
11 	89    	0       	0.446446	0.339997	0.132963	1       	4       	2.34    	1.0509  
12 	89    	0       	0.446446	0.36105 	0.119534	1       	5       	2.17    	1.04933 
13 	89    	0       	0.446931	0.345346	0.125271	1       	5       	2.12    	1.05148 
14 	85    	0       	0.446446	0.330867	0.137934	1       	5       	2.14    	1.05849 
15 	83    	0       	0.446446	0.350059	0.114364	1       	4       	1.95    	0.963068
16 	86    	0       	0.446446	0.3624  	0.114365	1       	4       	1.84    	0.913455
17 	80    	0       	0.446446	0.226249	0.202905	1       	5       	1.89    	0.947576
--- 3601.7292466163635 sec ---
