   	      	                         fitness                         	                          size                          
   	      	---------------------------------------------------------	--------------------------------------------------------
gen	nevals	min     	max     	avg      	std      	min     	max     	avg     	std     
0  	100   	0       	0.172207	0.0650853	0.0609958	1       	5       	2.65    	1.17792 
1  	92    	0       	0.183569	0.0879211	0.0615338	1       	5       	2.59    	1.1054  
2  	95    	0       	0.183569	0.102007 	0.0621255	1       	5       	2.72    	1.20067 
3  	91    	0       	0.212078	0.121505 	0.0580454	1       	5       	2.72    	1.18389 
4  	89    	0       	0.212078	0.141008 	0.0472239	1       	5       	2.34    	1.13331 
5  	83    	0       	0.212078	0.147995 	0.0486942	1       	5       	2.18    	0.973447
6  	89    	0       	0.212078	0.147946 	0.0506591	1       	5       	2.29    	1.06108 
7  	94    	0       	0.212078	0.142973 	0.0527776	1       	4       	2.33    	1.12299 
--- 3639.955429792404 sec ---
