   	      	                        fitness                         	                          size                          
   	      	--------------------------------------------------------	--------------------------------------------------------
gen	nevals	min     	max     	avg     	std     	min     	max     	avg     	std     
0  	100   	0       	0.872294	0.525987	0.370369	1       	4       	2.69    	1.11081 
1  	96    	0       	0.872294	0.593447	0.352069	1       	5       	2.74    	1.18844 
2  	93    	0       	0.873951	0.675994	0.305751	1       	5       	2.69    	1.16357 
3  	95    	0       	0.875061	0.70916 	0.274316	1       	5       	2.58    	1.20979 
4  	93    	0       	0.875061	0.733516	0.252604	1       	4       	2.6     	1.2083  
5  	97    	0       	0.875061	0.731744	0.27115 	1       	4       	2.67    	1.1921  
6  	92    	0       	0.875061	0.785632	0.218605	1       	5       	2.56    	1.16034 
7  	92    	0       	0.875061	0.355606	0.418396	1       	5       	2.35    	1.16082 
--- 3626.049899816513 sec ---
