   	      	                        fitness                         	                          size                          
   	      	--------------------------------------------------------	--------------------------------------------------------
gen	nevals	min     	max     	avg     	std     	min     	max     	avg     	std     
0  	100   	0       	0.753227	0.370889	0.265812	1       	4       	2.69    	1.11081 
1  	96    	0       	0.763679	0.471499	0.229212	1       	5       	2.69    	1.25455 
2  	91    	0       	0.789567	0.538425	0.181802	1       	5       	2.63    	1.28573 
3  	93    	0       	0.856027	0.576302	0.163862	1       	5       	2.83    	1.29657 
4  	98    	0       	0.860975	0.575336	0.184504	1       	5       	2.72    	1.24964 
5  	90    	0       	0.860975	0.602148	0.167643	1       	5       	2.69    	1.29379 
6  	90    	0       	0.860975	0.448289	0.300877	1       	5       	2.7     	1.19583 
--- 3627.097212791443 sec ---
