   	      	                        fitness                         	                          size                          
   	      	--------------------------------------------------------	--------------------------------------------------------
gen	nevals	min     	max     	avg     	std     	min     	max     	avg     	std     
0  	100   	0       	0.760501	0.396127	0.260605	1       	5       	2.79    	1.20246 
1  	93    	0       	0.760501	0.463066	0.235251	1       	5       	2.5     	1.22882 
2  	100   	0       	0.763502	0.52738 	0.223083	1       	5       	2.63    	1.10141 
3  	93    	0       	0.763502	0.588212	0.192948	1       	5       	2.65    	1.07121 
4  	94    	0       	0.775543	0.600446	0.213514	1       	5       	2.71    	1.16013 
5  	95    	0       	0.775543	0.287639	0.342137	1       	5       	2.82    	1.21967 
--- 43530.941975831985 sec ---
