   	      	                        fitness                         	                          size                          
   	      	--------------------------------------------------------	--------------------------------------------------------
gen	nevals	min     	max     	avg     	std     	min     	max     	avg     	std     
0  	100   	0       	0.471742	0.206416	0.132187	1       	5       	2.79    	1.20246 
1  	92    	0       	0.471742	0.253281	0.128642	1       	5       	2.65    	1.19478 
2  	94    	0       	0.471742	0.289607	0.112101	1       	4       	2.69    	1.11978 
3  	94    	0       	0.471742	0.310769	0.107236	1       	4       	2.53    	1.09046 
4  	95    	0       	0.488323	0.324683	0.130152	1       	4       	2.68    	1.01863 
5  	94    	0       	0.488323	0.329705	0.129523	1       	4       	2.63    	1.0831  
6  	94    	0       	0.488323	0.326931	0.133295	1       	5       	2.69    	1.12867 
7  	93    	0       	0.514074	0.35087 	0.112955	1       	4       	2.56    	1.06132 
8  	96    	0       	0.514074	0.353046	0.118821	1       	5       	2.45    	1.05238 
9  	96    	0       	0.514074	0.345493	0.128792	1       	4       	2.41    	1.04971 
10 	85    	0       	0.515046	0.382059	0.106574	1       	5       	2.54    	1.00419 
11 	94    	0       	0.515046	0.377839	0.117655	1       	4       	2.57    	0.972163
12 	90    	0       	0.515046	0.371339	0.124292	1       	5       	2.69    	0.934826
13 	96    	0       	0.515046	0.36423 	0.125968	1       	5       	2.78    	0.954777
14 	94    	0       	0.515046	0.361956	0.134571	1       	5       	2.85    	1.00374 
15 	98    	0       	0.515046	0.390824	0.0912149	1       	5       	3.01    	0.818474
16 	97    	0       	0.515046	0.372098	0.130431 	1       	5       	3.16    	0.688767
17 	89    	0       	0.515046	0.383036	0.123878 	1       	5       	3.1     	0.830662
18 	94    	0       	0.515046	0.385215	0.132916 	1       	5       	3.23    	0.822861
19 	90    	0       	0.515046	0.35759 	0.148229 	1       	5       	2.95    	1.0332  
20 	98    	0       	0.515046	0.356354	0.154749 	1       	5       	2.98    	1.07685 
21 	95    	0       	0.515046	0.350316	0.15858  	1       	5       	2.92    	0.945304
22 	96    	0       	0.515046	0.380919	0.131408 	1       	5       	2.94    	1.0375  
23 	96    	0       	0.515046	0.371759	0.148255 	1       	5       	2.97    	1.02426 
24 	96    	0       	0.515046	0.343493	0.163123 	1       	5       	3       	0.989949
25 	97    	0       	0.515046	0.356828	0.152369 	1       	5       	2.83    	1.02034 
26 	98    	0       	0.515046	0.347833	0.156748 	1       	5       	2.95    	1.00374 
27 	93    	0       	0.515046	0.378546	0.1253   	1       	5       	2.98    	1.09526 
28 	93    	0       	0.515046	0.372979	0.132629 	1       	5       	2.96    	1.01902 
29 	97    	0       	0.515046	0.392674	0.112885 	1       	5       	2.89    	0.936963
30 	98    	0       	0.519094	0.356805	0.159832 	1       	5       	2.83    	0.860872
31 	96    	0       	0.519094	0.366872	0.136806 	1       	5       	2.9     	0.842615
32 	96    	0       	0.519094	0.390106	0.11838  	2       	5       	3.13    	0.658103
33 	96    	0       	0.519094	0.363284	0.150492 	1       	5       	3.14    	0.663626
34 	99    	0       	0.519094	0.375213	0.141911 	1       	5       	3.19    	0.673721
35 	94    	0       	0.519094	0.40576 	0.105918 	1       	5       	3.14    	0.678528
36 	97    	0       	0.519094	0.378931	0.132897 	1       	5       	3       	0.648074
37 	92    	0       	0.519094	0.387337	0.129523 	1       	5       	2.99    	0.62442 
38 	98    	0       	0.519094	0.370145	0.147378 	1       	4       	2.99    	0.699929
39 	93    	0       	0.519094	0.36727 	0.150136 	1       	5       	3.03    	0.727393
40 	93    	0       	0.519094	0.389553	0.135338 	1       	4       	2.92    	0.688186
41 	95    	0       	0.519094	0.378462	0.139006 	1       	5       	2.92    	0.770454
42 	96    	0       	0.519094	0.403682	0.0976208	1       	4       	2.95    	0.71239 
43 	94    	0       	0.519094	0.383517	0.125079 	1       	4       	2.92    	0.627375
44 	94    	0       	0.519094	0.384005	0.120804 	1       	4       	2.91    	0.664756
45 	91    	0       	0.519094	0.374527	0.136819 	1       	4       	3.1     	0.608276
46 	95    	0       	0.519094	0.359701	0.150767 	1       	5       	3.09    	0.664756
47 	94    	0       	0.519094	0.359153	0.144025 	2       	5       	3.07    	0.552359
48 	93    	0       	0.519094	0.365164	0.133372 	1       	4       	2.96    	0.615142
49 	96    	0       	0.519094	0.391929	0.113971 	1       	4       	2.92    	0.594643
50 	90    	0       	0.520666	0.38283 	0.129432 	1       	4       	2.94    	0.596992
51 	97    	0       	0.520666	0.385485	0.135583 	1       	5       	2.98    	0.528772
52 	98    	0       	0.520666	0.390728	0.129095 	2       	4       	3       	0.424264
53 	88    	0       	0.520666	0.406479	0.119592 	1       	5       	2.99    	0.556687
54 	96    	0       	0.520666	0.397556	0.135695 	2       	5       	3.04    	0.508331
55 	92    	0       	0.520666	0.381857	0.14842  	1       	4       	3.04    	0.488262
56 	92    	0       	0.520666	0.363832	0.163943 	1       	5       	3.06    	0.596992
57 	95    	0       	0.520666	0.39247 	0.128543 	1       	4       	3       	0.489898
58 	99    	0       	0.520666	0.37251 	0.153927 	1       	4       	2.94    	0.544426
59 	90    	0       	0.520666	0.389813	0.134112 	1       	4       	2.96    	0.527636
60 	95    	0       	0.520666	0.403913	0.116108 	1       	4       	2.94    	0.44317 
61 	98    	0       	0.520666	0.401353	0.115397 	1       	5       	2.98    	0.632139
62 	98    	0       	0.520666	0.377544	0.140955 	2       	4       	2.98    	0.528772
63 	94    	0       	0.520666	0.371974	0.150739 	1       	5       	3.05    	0.572276
64 	97    	0       	0.520666	0.361434	0.163676 	1       	4       	3.08    	0.541849
65 	98    	0       	0.527245	0.364425	0.158272 	1       	4       	3.03    	0.590847
66 	94    	0       	0.527245	0.379382	0.145285 	1       	5       	3.06    	0.596992
67 	93    	0       	0.527245	0.392676	0.112462 	1       	4       	3       	0.632456
68 	97    	0       	0.527245	0.393212	0.11834  	1       	5       	3.03    	0.639609
69 	94    	0       	0.527245	0.388281	0.131112 	1       	4       	3.08    	0.56    
70 	94    	0       	0.527245	0.372136	0.155559 	1       	4       	3.09    	0.511762
71 	95    	0       	0.527245	0.386472	0.146423 	1       	5       	3.1     	0.6245  
72 	97    	0       	0.527245	0.375087	0.16049  	1       	5       	3.06    	0.675574
73 	93    	0       	0.527245	0.384526	0.136882 	1       	4       	2.99    	0.655668
74 	96    	0       	0.527245	0.38489 	0.147455 	1       	5       	3.03    	0.754387
75 	96    	0       	0.527245	0.395809	0.123484 	1       	5       	2.95    	0.726292
76 	95    	0       	0.527245	0.373562	0.154276 	1       	5       	3.05    	0.804674
77 	90    	0       	0.527245	0.358901	0.159493 	1       	5       	2.98    	0.836421
78 	96    	0       	0.527245	0.371585	0.141869 	1       	5       	3.03    	0.942921
79 	96    	0       	0.527245	0.398805	0.102806 	1       	5       	3       	0.959166
80 	94    	0       	0.527245	0.380866	0.141001 	1       	5       	3.02    	0.79975 
81 	89    	0       	0.527245	0.365164	0.160466 	1       	5       	3.06    	0.858138
82 	91    	0       	0.527245	0.373588	0.150052 	1       	5       	3.18    	0.74    
83 	94    	0       	0.527245	0.369266	0.151571 	2       	4       	3.26    	0.626418
84 	95    	0       	0.527245	0.375751	0.150024 	2       	5       	3.21    	0.588133
85 	95    	0       	0.527245	0.380309	0.140199 	1       	4       	3.2     	0.583095
86 	96    	0       	0.527245	0.394178	0.131578 	1       	5       	3.18    	0.572364
87 	95    	0       	0.527245	0.362493	0.165333 	1       	5       	3.1     	0.685565
88 	99    	0       	0.527245	0.35143 	0.172661 	1       	4       	3.04    	0.564269
89 	97    	0       	0.527245	0.368981	0.148005 	1       	4       	2.97    	0.590847
90 	91    	0       	0.527245	0.3815  	0.141659 	1       	4       	3.1     	0.43589 
91 	94    	0       	0.527245	0.383066	0.140085 	3       	5       	3.15    	0.409268
92 	94    	0       	0.527245	0.353099	0.167067 	1       	5       	3.13    	0.50309 
93 	95    	0       	0.527245	0.386234	0.127814 	1       	5       	3.05    	0.517204
94 	95    	0       	0.527245	0.372729	0.140908 	2       	5       	3.13    	0.50309 
95 	94    	0       	0.527245	0.365166	0.151702 	1       	4       	3.11    	0.527162
96 	97    	0       	0.527245	0.353929	0.156628 	1       	5       	3.02    	0.647765
97 	99    	0       	0.527245	0.374878	0.146497 	1       	4       	3.05    	0.47697 
98 	97    	0       	0.527245	0.347433	0.177086 	2       	4       	3.04    	0.445421
99 	97    	0       	0.527245	0.352574	0.173539 	1       	5       	3.1     	0.591608
100	97    	0       	0.527245	0.364354	0.153326 	2       	5       	3.06    	0.562494
--- 9303.432036876678 sec ---
