   	      	                        fitness                         	                          size                          
   	      	--------------------------------------------------------	--------------------------------------------------------
gen	nevals	min     	max     	avg     	std     	min     	max     	avg     	std     
0  	100   	0       	0.710949	0.363662	0.264435	1       	5       	2.98    	1.21639 
1  	68    	0       	0.732384	0.493579	0.189158	1       	5       	2.79    	1.12512 
2  	89    	0       	0.732384	0.508846	0.196765	1       	5       	2.86    	1.11373 
3  	80    	0       	0.732384	0.547881	0.183357	1       	4       	2.85    	1.11692 
4  	75    	0       	0.8017  	0.573217	0.178495	1       	5       	3.04    	1.05754 
5  	64    	0       	0.817628	0.588873	0.182769	1       	5       	3.18    	1.07126 
6  	76    	0       	0.817628	0.528427	0.262581	1       	5       	3.1     	1.14455 
--- 3606.3081624507904 sec ---
