   	      	                        fitness                         	                          size                          
   	      	--------------------------------------------------------	--------------------------------------------------------
gen	nevals	min     	max     	avg     	std     	min     	max     	avg     	std     
0  	100   	0       	0.699074	0.29802 	0.221189	1       	4       	2.49    	1.08162 
1  	95    	0       	0.728519	0.369565	0.204072	1       	5       	2.4     	1.13137 
2  	95    	0       	0.748889	0.401833	0.210089	1       	5       	2.49    	1.06297 
3  	95    	0       	0.749259	0.432793	0.210932	1       	5       	2.72    	1.08701 
4  	93    	0       	0.777407	0.46983 	0.223453	1       	5       	2.88    	1.07033 
5  	95    	0       	0.777407	0.526365	0.191303	1       	4       	2.86    	1.03942 
6  	91    	0       	0.777407	0.569448	0.203821	1       	5       	3.06    	1.0375  
7  	94    	0       	0.777407	0.540941	0.247881	1       	5       	3.26    	1.01607 
8  	96    	0       	0.777407	0.56797 	0.226299	1       	5       	3.41    	0.872869
9  	98    	0       	0.778148	0.596211	0.228415	1       	5       	3.56    	0.778717
10 	92    	0       	0.785   	0.628939	0.213511	1       	5       	3.5     	0.754983
11 	96    	0       	0.786111	0.615465	0.223577	1       	5       	3.38    	0.809691
12 	98    	0       	0.790741	0.571741	0.27304 	1       	5       	3.43    	0.738309
13 	93    	0       	0.790741	0.608274	0.243797	1       	5       	3.41    	0.762824
14 	88    	0       	0.794074	0.59425 	0.263692	2       	5       	3.47    	0.639609
15 	93    	0       	0.794074	0.595644	0.2346  	1       	5       	3.43    	0.751731
16 	96    	0       	0.794074	0.57445 	0.249512	2       	5       	3.42    	0.695414
17 	95    	0       	0.794074	0.633015	0.18626 	1       	5       	3.38    	0.745386
18 	90    	0       	0.794074	0.634754	0.223467	1       	5       	3.3     	0.8544  
19 	96    	0       	0.794074	0.633224	0.215728	1       	5       	3.27    	0.846818
20 	95    	0       	0.794074	0.576246	0.265307	1       	5       	3.3     	0.888819
21 	97    	0       	0.794074	0.643794	0.20228 	1       	5       	3.2     	0.860233
22 	93    	0       	0.794074	0.659237	0.195047	1       	5       	3.26    	0.807713
23 	86    	0       	0.794074	0.670211	0.199985	2       	5       	3.26    	0.78256 
24 	93    	0       	0.794074	0.655233	0.217093	1       	5       	3.24    	0.906863
25 	93    	0       	0.794074	0.700446	0.149298	1       	5       	3.27    	0.858545
26 	90    	0       	0.794074	0.681043	0.173918	2       	5       	3.27    	0.822861
27 	92    	0       	0.794074	0.66245 	0.194825	1       	5       	3.31    	0.783518
28 	90    	0       	0.794074	0.671007	0.208995	1       	5       	3.31    	0.716868
29 	95    	0       	0.794074	0.691919	0.175428	1       	5       	3.27    	0.785557
30 	88    	0       	0.794074	0.67732 	0.199185	2       	5       	3.34    	0.65146 
31 	86    	0       	0.794074	0.662454	0.195223	1       	5       	3.32    	0.746726
32 	91    	0       	0.794074	0.618431	0.242317	1       	5       	3.3     	0.964365
33 	87    	0       	0.794074	0.655148	0.188129	1       	5       	3.17    	0.906146
34 	92    	0       	0.794074	0.668561	0.194975	1       	4       	3.17    	0.707884
35 	88    	0       	0.794074	0.630283	0.241165	1       	5       	3.1     	0.768115
36 	97    	0       	0.794074	0.631452	0.231166	1       	4       	3.12    	0.711056
37 	90    	0       	0.794074	0.664433	0.189539	1       	4       	2.93    	0.738309
38 	88    	0       	0.794074	0.634769	0.229951	1       	4       	3.11    	0.691303
39 	85    	0       	0.794074	0.688294	0.166006	1       	5       	3.14    	0.787655
40 	91    	0       	0.797407	0.631883	0.236414	1       	5       	3.2     	0.83666 
41 	90    	0       	0.797407	0.642791	0.21508 	1       	5       	3.08    	0.832827
42 	90    	0       	0.797407	0.632181	0.229165	1       	5       	3.14    	0.824864
43 	86    	0       	0.797407	0.625657	0.229267	1       	5       	2.98    	0.774338
44 	92    	0       	0.797407	0.637974	0.222768	1       	5       	2.99    	0.741552
45 	97    	0       	0.797407	0.655694	0.213275	1       	5       	3.04    	0.662118
46 	88    	0       	0.797407	0.669724	0.198481	2       	4       	3.02    	0.632139
47 	90    	0       	0.797407	0.676811	0.204195	2       	4       	2.91    	0.633956
48 	89    	0       	0.797407	0.660891	0.215257	1       	4       	2.84    	0.703136
49 	84    	0       	0.797407	0.676231	0.194445	2       	5       	3       	0.616441
50 	91    	0       	0.797407	0.690285	0.172664	1       	5       	2.9     	0.655744
51 	88    	0       	0.797407	0.681319	0.193073	1       	4       	2.94    	0.71861 
52 	88    	0       	0.797407	0.676231	0.215243	1       	5       	2.99    	0.685493
53 	90    	0       	0.797407	0.677233	0.200154	1       	4       	3.06    	0.629603
54 	90    	0       	0.797407	0.682224	0.197725	2       	5       	3.02    	0.599667
55 	94    	0       	0.797407	0.696172	0.159379	1       	5       	3.23    	0.630159
56 	94    	0       	0.797407	0.676261	0.200818	1       	5       	3.15    	0.606218
57 	92    	0       	0.797407	0.659744	0.225397	2       	5       	3.26    	0.54074 
58 	89    	0       	0.798704	0.661581	0.197167	1       	5       	3.26    	0.642184
59 	95    	0       	0.798704	0.655719	0.216203	1       	5       	3.22    	0.686731
60 	90    	0       	0.798704	0.672487	0.202543	1       	4       	3.23    	0.580603
61 	88    	0       	0.798704	0.652667	0.234004	1       	4       	3.18    	0.517301
62 	91    	0       	0.798704	0.695961	0.171137	2       	5       	3.14    	0.447661
63 	87    	0       	0.798704	0.66072 	0.216152	1       	5       	3.12    	0.534416
64 	95    	0       	0.798704	0.683217	0.187413	2       	5       	3.08    	0.44    
65 	92    	0       	0.798704	0.685859	0.175337	1       	4       	3       	0.447214
66 	91    	0       	0.798704	0.683576	0.181605	2       	5       	3.1     	0.387298
67 	92    	0       	0.798704	0.679793	0.162972	1       	5       	3.06    	0.50636 
68 	92    	0       	0.798704	0.668574	0.180768	1       	5       	3.1     	0.6245  
69 	91    	0       	0.798704	0.67335 	0.171415	1       	5       	3.11    	0.691303
70 	93    	0       	0.798704	0.620043	0.256037	1       	5       	3.18    	0.74    
71 	96    	0       	0.798704	0.632857	0.227146	1       	5       	3.03    	0.741013
72 	87    	0       	0.798704	0.64743 	0.230342	1       	5       	3.1     	0.67082 
73 	92    	0       	0.798704	0.641489	0.233207	1       	5       	3.08    	0.611228
74 	86    	0       	0.798704	0.662174	0.200704	1       	5       	3.06    	0.675574
75 	88    	0       	0.798704	0.690824	0.166397	1       	5       	3.13    	0.642729
76 	92    	0       	0.798704	0.694294	0.181737	1       	4       	3.19    	0.627615
77 	91    	0       	0.798704	0.654057	0.22752 	1       	5       	3.09    	0.762824
78 	95    	0       	0.798704	0.674374	0.213071	1       	5       	3.28    	0.567098
79 	91    	0       	0.798704	0.651061	0.228082	1       	5       	3.31    	0.627615
80 	88    	0       	0.798704	0.645319	0.2351  	1       	4       	3.18    	0.554617
81 	90    	0       	0.798704	0.645913	0.227632	1       	5       	3.05    	0.622495
82 	83    	0       	0.798704	0.687709	0.192725	1       	4       	2.89    	0.646452
83 	89    	0       	0.798704	0.638822	0.235944	2       	5       	2.98    	0.706824
84 	84    	0       	0.798704	0.636781	0.230428	1       	5       	3.01    	0.727942
85 	93    	0       	0.798704	0.636031	0.228848	1       	4       	2.9     	0.793725
86 	88    	0       	0.798704	0.653746	0.215507	2       	4       	3.05    	0.68374 
87 	92    	0       	0.798704	0.671815	0.18928 	1       	5       	3.03    	0.713512
88 	91    	0       	0.798704	0.647624	0.199561	2       	4       	3.01    	0.670746
89 	95    	0       	0.798704	0.643459	0.232075	1       	5       	3.08    	0.757364
90 	90    	0       	0.798704	0.627833	0.241833	1       	5       	3.19    	0.730685
91 	92    	0       	0.798704	0.693789	0.170402	1       	4       	3.14    	0.663626
92 	87    	0.283889	0.798704	0.726798	0.0946966	2       	4       	3.16    	0.611882
93 	92    	0       	0.798704	0.6888  	0.187278 	1       	4       	3.12    	0.667533
94 	92    	0       	0.798704	0.667215	0.204263 	2       	4       	3.22    	0.641561
95 	95    	0       	0.798704	0.666385	0.217001 	1       	5       	3.25    	0.68374 
96 	94    	0       	0.798704	0.693865	0.176224 	1       	5       	3.16    	0.643739
97 	89    	0       	0.798704	0.67272 	0.20821  	1       	5       	3.12    	0.604649
98 	90    	0       	0.798704	0.640187	0.210854 	1       	4       	3.03    	0.713512
99 	91    	0       	0.798704	0.679311	0.194764 	1       	5       	3.15    	0.638357
100	93    	0       	0.798704	0.669513	0.221233 	2       	5       	3.18    	0.6063  
--- 7100.761553287506 sec ---
