   	      	                        fitness                         	                          size                          
   	      	--------------------------------------------------------	--------------------------------------------------------
gen	nevals	min     	max     	avg     	std     	min     	max     	avg     	std     
0  	100   	0       	0.926326	0.472361	0.393148	1       	5       	2.74    	1.03557 
1  	94    	0       	0.927552	0.631086	0.369867	1       	4       	2.65    	1.05238 
2  	95    	0       	0.927552	0.776767	0.2615  	1       	4       	2.7     	1.08167 
3  	95    	0       	0.931728	0.82402 	0.214579	1       	5       	2.84    	1.06508 
4  	97    	0       	0.931728	0.80665 	0.261131	1       	5       	2.76    	1.18423 
5  	95    	0       	0.931728	0.828032	0.243859	1       	4       	2.94    	1.0938  
6  	93    	0       	0.933335	0.786243	0.268177	1       	4       	3.12    	0.97242 
7  	93    	0       	0.933335	0.184598	0.358639	1       	4       	3.17    	0.990505
--- 3635.8605422973633 sec ---
