   	      	                        fitness                         	                          size                          
   	      	--------------------------------------------------------	--------------------------------------------------------
gen	nevals	min     	max     	avg     	std     	min     	max     	avg     	std     
0  	100   	0       	0.991367	0.550129	0.416273	1       	4       	2.7     	1.04403 
1  	97    	0       	0.991841	0.705617	0.363201	1       	5       	2.84    	1.12    
2  	95    	0       	0.991841	0.775988	0.323168	1       	5       	2.72    	1.07778 
3  	92    	0       	0.99236 	0.825528	0.29446 	1       	5       	2.66    	1.04135 
4  	95    	0       	0.99236 	0.904027	0.201061	1       	4       	2.55    	0.963068
5  	95    	0       	0.992686	0.893044	0.239439	1       	5       	2.64    	0.995188
6  	87    	0       	0.992686	0.92557 	0.198366	1       	4       	2.45    	0.887412
7  	97    	0       	0.992686	0.779364	0.374857	1       	5       	2.44    	0.962497
--- 3607.156984806061 sec ---
