   	      	                        fitness                         	                          size                          
   	      	--------------------------------------------------------	--------------------------------------------------------
gen	nevals	min     	max     	avg     	std     	min     	max     	avg     	std     
0  	100   	0       	0.73117 	0.385277	0.268554	1       	5       	2.65    	1.17792 
1  	96    	0       	0.842291	0.514762	0.199852	1       	5       	2.47    	1.09959 
2  	95    	0       	0.842291	0.582026	0.147068	1       	4       	2.26    	1.01607 
3  	95    	0       	0.845002	0.607171	0.140551	1       	4       	2.18    	1.00379 
4  	95    	0       	0.864879	0.621941	0.148528	1       	5       	2.28    	1.02059 
5  	96    	0       	0.864879	0.578097	0.219093	1       	5       	2.51    	1.05352 
--- 3601.432860136032 sec ---
