   	      	                        fitness                         	                          size                          
   	      	--------------------------------------------------------	--------------------------------------------------------
gen	nevals	min     	max     	avg     	std     	min     	max     	avg     	std     
0  	100   	0       	0.773667	0.179238	0.224177	1       	5       	2.81    	1.0742  
1  	95    	0       	0.786667	0.26768 	0.226489	1       	4       	2.67    	1.07754 
2  	96    	0       	0.786667	0.355339	0.231774	1       	5       	2.62    	0.977548
3  	97    	0       	0.786667	0.416984	0.237936	1       	5       	2.5     	0.932738
4  	98    	0       	0.786667	0.429308	0.215468	1       	5       	2.45    	0.942072
5  	99    	0       	0.786667	0.28409 	0.274374	1       	5       	2.6     	0.948683
--- 21638.68296480179 sec ---
