   	      	                        fitness                         	                          size                          
   	      	--------------------------------------------------------	--------------------------------------------------------
gen	nevals	min     	max     	avg     	std     	min     	max     	avg     	std     
0  	100   	0       	0.758667	0.201491	0.247076	1       	4       	2.49    	1.08162 
1  	90    	0       	0.770933	0.306375	0.268295	1       	5       	2.45    	1.10793 
2  	95    	0       	0.7726  	0.347477	0.264305	1       	5       	2.55    	1.12583 
3  	97    	0       	0.7726  	0.390198	0.248513	1       	5       	2.53    	1.15287 
4  	91    	0       	0.7746  	0.425517	0.270023	1       	5       	2.68    	1.14787 
5  	92    	0       	0.7756  	0.299165	0.315892	1       	5       	2.91    	1.12334 
--- 21605.915119171143 sec ---
