   	      	                        fitness                         	                          size                          
   	      	--------------------------------------------------------	--------------------------------------------------------
gen	nevals	min     	max     	avg     	std     	min     	max     	avg     	std     
0  	100   	0       	0.723019	0.405884	0.272693	1       	5       	2.81    	1.0742  
1  	80    	0       	0.731182	0.51167 	0.211611	1       	5       	2.73    	1.07569 
2  	84    	0       	0.731682	0.559216	0.183202	1       	4       	2.7     	1.05357 
3  	81    	0       	0.731682	0.572039	0.197678	1       	5       	2.84    	1.02684 
4  	76    	0       	0.732702	0.601873	0.183098	1       	5       	2.7     	1.07238 
5  	67    	0       	0.732702	0.647086	0.135302	1       	4       	2.84    	1.07443 
6  	74    	0       	0.732702	0.616176	0.222114	1       	5       	2.84    	1.15516 
7  	79    	0       	0.732702	0.647892	0.16238 	1       	5       	2.62    	1.13824 
8  	63    	0       	0.732702	0.652768	0.17494 	1       	5       	2.61    	1.19076 
9  	50    	0       	0.732702	0.663173	0.175951	1       	5       	2.78    	1.15395 
10 	66    	0       	0.732702	0.648361	0.208199	1       	5       	2.99    	1.08162 
11 	60    	0       	0.735837	0.639133	0.219108	1       	5       	3.07    	1.0223  
12 	65    	0       	0.735837	0.629532	0.229433	1       	5       	3.21    	1.06108 
13 	56    	0       	0.735837	0.643645	0.210136	1       	5       	3.22    	1.12765 
14 	54    	0       	0.735837	0.613909	0.259134	1       	5       	3.2     	1.07703 
15 	47    	0       	0.735837	0.643846	0.228227	1       	5       	3.12    	1.0028  
16 	45    	0       	0.735837	0.656536	0.189601	1       	5       	2.93    	0.982395
17 	44    	0       	0.735837	0.650048	0.210353	1       	5       	2.92    	0.955824
18 	54    	0       	0.735837	0.640438	0.209927	1       	5       	2.81    	0.913181
19 	50    	0       	0.735837	0.6101  	0.243792	2       	5       	2.91    	0.861336
20 	31    	0       	0.735837	0.691163	0.14742 	1       	5       	2.63    	0.820427
21 	52    	0       	0.735837	0.644642	0.211408	1       	5       	2.59    	0.801187
22 	45    	0       	0.74834 	0.689064	0.134612	1       	4       	2.61    	0.733417
23 	54    	0       	0.74834 	0.687568	0.146395	2       	4       	2.71    	0.752263
24 	55    	0       	0.74834 	0.640549	0.219923	1       	4       	2.73    	0.822861
25 	48    	0       	0.74834 	0.622452	0.24485 	1       	4       	2.72    	0.788416
26 	41    	0       	0.753299	0.679854	0.162008	2       	5       	2.64    	0.81878 
27 	45    	0       	0.753299	0.677722	0.174478	1       	5       	2.77    	0.881533
28 	56    	0       	0.753299	0.679053	0.16386 	1       	5       	2.93    	0.886059
29 	50    	0       	0.753299	0.69143 	0.144718	1       	5       	3       	0.860233
30 	60    	0       	0.753299	0.666836	0.187131	2       	4       	2.94    	0.822435
31 	56    	0       	0.753299	0.66703 	0.188276	2       	5       	3.11    	0.859011
32 	52    	0       	0.753299	0.679106	0.174977	1       	5       	3.08    	0.901998
33 	65    	0       	0.753299	0.647887	0.210097	1       	5       	3.04    	0.904655
34 	61    	0       	0.753299	0.645645	0.209845	1       	5       	3.15    	0.973396
35 	59    	0       	0.753299	0.636514	0.209433	1       	5       	3.22    	0.933595
36 	63    	0       	0.753299	0.610576	0.243067	1       	5       	3.12    	0.930376
37 	53    	0       	0.753299	0.635541	0.21889 	1       	5       	3.01    	0.932684
38 	76    	0       	0.753299	0.649077	0.188293	1       	5       	3       	0.927362
39 	69    	0       	0.753299	0.594512	0.264398	1       	5       	2.96    	0.94784 
40 	66    	0       	0.753299	0.64587 	0.200126	1       	4       	2.8     	0.883176
41 	51    	0       	0.753299	0.696163	0.090554	1       	4       	2.75    	0.942072
42 	64    	0       	0.753299	0.650472	0.199176	1       	4       	2.83    	0.917115
43 	61    	0       	0.753299	0.65038 	0.187595	1       	4       	2.8     	0.927362
44 	63    	0       	0.753299	0.647253	0.199147	1       	5       	2.89    	0.968452
45 	59    	0       	0.753299	0.661341	0.187583	1       	4       	2.8     	0.87178 
46 	63    	0       	0.753299	0.623148	0.236349	2       	5       	2.88    	0.851822
47 	59    	0       	0.753299	0.670439	0.151684	1       	5       	2.75    	0.84113 
48 	62    	0       	0.753299	0.65675 	0.179494	1       	4       	2.76    	0.838093
49 	66    	0       	0.753299	0.666853	0.18809 	1       	4       	2.82    	0.792212
50 	58    	0       	0.753299	0.649045	0.209958	1       	4       	2.89    	0.77324 
51 	49    	0       	0.753299	0.701737	0.109203	2       	4       	2.88    	0.765245
52 	73    	0       	0.753299	0.675586	0.17488 	2       	4       	2.89    	0.66174 
53 	47    	0       	0.753299	0.697499	0.129133	1       	4       	2.84    	0.688767
54 	41    	0       	0.753299	0.656536	0.199526	1       	4       	2.92    	0.757364
55 	50    	0       	0.753299	0.646404	0.220276	1       	4       	2.94    	0.75921 
56 	55    	0       	0.753299	0.638668	0.229027	1       	4       	2.94    	0.690217
57 	60    	0       	0.753299	0.622657	0.236573	1       	4       	2.92    	0.688186
58 	52    	0       	0.753299	0.654807	0.199801	1       	4       	2.8     	0.748331
59 	60    	0       	0.753299	0.631201	0.227661	1       	4       	2.91    	0.775822
60 	56    	0       	0.753299	0.638028	0.219076	1       	4       	3       	0.761577
61 	52    	0       	0.753299	0.634457	0.228138	1       	5       	2.98    	0.761315
62 	45    	0       	0.753299	0.654084	0.199812	2       	5       	2.86    	0.735119
63 	52    	0       	0.753299	0.655501	0.188712	2       	4       	2.79    	0.682569
64 	54    	0       	0.753299	0.682816	0.148018	1       	4       	2.59    	0.664756
65 	53    	0       	0.753299	0.689899	0.133612	1       	5       	2.72    	0.762627
66 	37    	0       	0.753299	0.65544 	0.208755	1       	4       	2.7     	0.655744
67 	60    	0       	0.753299	0.676888	0.175633	1       	4       	2.61    	0.77324 
68 	50    	0       	0.753299	0.675017	0.151702	1       	5       	2.51    	0.806164
69 	56    	0       	0.753299	0.64637 	0.209007	1       	4       	2.6     	0.824621
70 	48    	0       	0.753299	0.659129	0.208658	1       	5       	2.6     	0.774597
71 	43    	0       	0.753299	0.678901	0.163425	1       	4       	2.54    	0.767072
72 	62    	0       	0.753299	0.67194 	0.175182	1       	4       	2.58    	0.814616
73 	49    	0       	0.753299	0.666359	0.197683	1       	4       	2.52    	0.754718
74 	41    	0       	0.753299	0.672329	0.176762	1       	4       	2.49    	0.727942
75 	51    	0       	0.753299	0.670636	0.176233	1       	4       	2.41    	0.708449
76 	51    	0       	0.753299	0.672398	0.176628	1       	5       	2.35    	0.71239 
77 	40    	0       	0.753299	0.687309	0.147153	1       	5       	2.36    	0.755248
78 	34    	0       	0.753299	0.702383	0.0916071	1       	4       	2.33    	0.707884
79 	46    	0       	0.753299	0.689763	0.13241  	1       	4       	2.24    	0.665132
80 	42    	0       	0.753299	0.674426	0.163251 	1       	4       	2.41    	0.762824
81 	48    	0       	0.753299	0.644754	0.210122 	1       	5       	2.34    	0.751266
82 	41    	0       	0.753299	0.70064 	0.0932373	1       	4       	2.16    	0.504381
83 	50    	0       	0.753299	0.655686	0.20004  	2       	4       	2.22    	0.521153
84 	38    	0       	0.753299	0.707144	0.0875281	1       	5       	2.14    	0.529528
85 	42    	0       	0.753299	0.705893	0.0869163	1       	4       	2.09    	0.511762
86 	35    	0       	0.753299	0.689386	0.133586 	1       	5       	2.21    	0.588133
87 	39    	0       	0.753299	0.680611	0.14996  	2       	4       	2.27    	0.630159
88 	43    	0       	0.753299	0.67204 	0.166524 	1       	4       	2.15    	0.554527
89 	48    	0       	0.753299	0.666521	0.178022 	1       	5       	2.2     	0.707107
90 	39    	0       	0.753299	0.707421	0.087792 	1       	4       	2.11    	0.527162
91 	28    	0       	0.753299	0.712775	0.0804947	1       	4       	2.16    	0.523832
92 	27    	0       	0.753299	0.714074	0.0810524	1       	4       	2.1     	0.458258
93 	30    	0       	0.753299	0.702608	0.110449 	1       	4       	2.14    	0.469468
94 	26    	0       	0.753299	0.699664	0.113066 	2       	4       	2.23    	0.580603
95 	31    	0       	0.753299	0.70595 	0.108423 	2       	4       	2.21    	0.553082
96 	32    	0       	0.753299	0.703308	0.110735 	1       	4       	2.13    	0.461628
97 	32    	0       	0.753299	0.700313	0.129546 	1       	5       	2.1     	0.479583
98 	25    	0       	0.753299	0.704563	0.126913 	1       	4       	2.09    	0.491833
99 	43    	0       	0.753299	0.688199	0.134017 	1       	4       	2.22    	0.62578 
100	43    	0       	0.753299	0.676004	0.164634 	1       	4       	2.26    	0.672607
--- 2362.1000072956085 sec ---
