   	      	                        fitness                         	                          size                          
   	      	--------------------------------------------------------	--------------------------------------------------------
gen	nevals	min     	max     	avg     	std     	min     	max     	avg     	std     
0  	100   	0       	0.737239	0.40186 	0.261263	1       	5       	2.57    	1.14241 
1  	98    	0       	0.790639	0.492955	0.224378	1       	5       	2.41    	1.07791 
2  	98    	0       	0.839568	0.520935	0.221043	1       	5       	2.54    	0.973858
3  	96    	0       	0.839568	0.527369	0.215193	1       	4       	2.47    	0.953467
4  	99    	0       	0.868091	0.563988	0.218805	1       	4       	2.42    	0.896437
5  	93    	0       	0.868091	0.607319	0.153596	1       	4       	2.43    	0.961821
6  	95    	0       	0.868091	0.638076	0.120225	1       	5       	2.37    	1.04551 
7  	95    	0       	0.868091	0.416913	0.32591 	1       	5       	2.5     	1.13578 
--- 3623.862179040909 sec ---
