   	      	                        fitness                         	                          size                          
   	      	--------------------------------------------------------	--------------------------------------------------------
gen	nevals	min     	max     	avg     	std     	min     	max     	avg     	std     
0  	100   	0       	0.77251 	0.434983	0.242976	1       	4       	2.49    	1.08162 
1  	90    	0       	0.77251 	0.514318	0.188836	1       	5       	2.31    	1.0459  
2  	98    	0       	0.798265	0.552755	0.162502	1       	5       	2.38    	1.08425 
3  	94    	0       	0.799442	0.55914 	0.153815	1       	5       	2.27    	1.00851 
4  	95    	0       	0.799442	0.561607	0.165131	1       	4       	2.2     	0.948683
5  	98    	0       	0.82524 	0.569106	0.179956	1       	5       	2.34    	0.929731
6  	96    	0       	0.82524 	0.220428	0.303788	1       	4       	2.34    	0.851117
--- 3603.677722930908 sec ---
