   	      	                        fitness                         	                          size                          
   	      	--------------------------------------------------------	--------------------------------------------------------
gen	nevals	min     	max     	avg     	std     	min     	max     	avg     	std     
0  	100   	0       	0.797081	0.444444	0.242598	1       	5       	2.66    	1.19348 
1  	90    	0       	0.797081	0.505839	0.195915	1       	5       	2.48    	1.1703  
2  	94    	0       	0.797081	0.545454	0.172835	1       	5       	2.57    	1.15113 
3  	90    	0       	0.797081	0.536089	0.208213	1       	5       	2.73    	1.22356 
4  	92    	0       	0.84505 	0.594767	0.178047	1       	5       	2.81    	1.23041 
5  	98    	0       	0.84505 	0.602391	0.194051	1       	5       	2.77    	1.28728 
6  	95    	0       	0.84505 	0.576821	0.226326	1       	5       	3.09    	1.37182 
7  	97    	0       	0.84505 	0.179979	0.306939	1       	5       	3.16    	1.28623 
--- 3600.49561214447 sec ---
