   	      	                        fitness                         	                          size                          
   	      	--------------------------------------------------------	--------------------------------------------------------
gen	nevals	min     	max     	avg     	std     	min     	max     	avg     	std     
0  	100   	0       	0.725   	0.3418  	0.22271 	1       	5       	2.92    	1.03615 
1  	95    	0       	0.725   	0.421322	0.19013 	1       	5       	2.8     	1.07703 
2  	95    	0       	0.742037	0.452693	0.213399	1       	5       	2.77    	0.998549
3  	89    	0       	0.742037	0.462193	0.231569	1       	5       	3.05    	1.01366 
4  	99    	0       	0.74537 	0.486822	0.234931	1       	5       	3.06    	1.06602 
5  	88    	0       	0.742407	0.52352 	0.224557	1       	5       	2.96    	0.978979
6  	95    	0       	0.742407	0.573809	0.188468	1       	5       	2.72    	0.884081
7  	91    	0       	0.747037	0.581111	0.187047	1       	5       	2.62    	0.880682
8  	93    	0       	0.747778	0.611911	0.170249	1       	5       	2.69    	0.924067
9  	93    	0       	0.747778	0.614685	0.177959	1       	5       	2.78    	0.878408
10 	93    	0       	0.747778	0.564063	0.222868	1       	5       	2.72    	0.949526
11 	92    	0       	0.750556	0.580526	0.211929	1       	5       	2.64    	0.922171
12 	90    	0       	0.758333	0.629206	0.144289	1       	5       	2.67    	0.906146
13 	95    	0       	0.758333	0.603685	0.197193	1       	4       	2.78    	0.954777
14 	92    	0       	0.758333	0.601106	0.193614	1       	5       	2.86    	0.959375
15 	92    	0       	0.760185	0.60343 	0.194929	1       	5       	2.92    	0.945304
16 	89    	0       	0.760185	0.604104	0.191731	1       	5       	2.98    	0.958958
17 	94    	0       	0.760185	0.623459	0.169929	1       	4       	2.91    	0.949684
18 	88    	0       	0.760185	0.62518 	0.178191	1       	4       	2.89    	0.915369
19 	89    	0       	0.760185	0.628569	0.178614	1       	5       	3.07    	0.919293
20 	90    	0       	0.762222	0.623391	0.18863 	1       	5       	3.1     	0.781025
21 	95    	0       	0.762222	0.628831	0.185903	2       	5       	3.07    	0.777882
22 	95    	0       	0.765556	0.597559	0.214663	1       	5       	3.1     	0.818535
23 	96    	0       	0.765556	0.61545 	0.186819	1       	4       	3.05    	0.779423
24 	96    	0       	0.765556	0.615961	0.191761	2       	4       	3.22    	0.686731
25 	95    	0       	0.765556	0.628698	0.182553	2       	5       	3.24    	0.68    
26 	90    	0       	0.763148	0.637957	0.157779	2       	4       	3.09    	0.69419 
27 	92    	0       	0.763148	0.633485	0.173644	2       	4       	3.09    	0.708449
28 	93    	0       	0.770185	0.644143	0.17396 	1       	4       	3.01    	0.699929
29 	92    	0       	0.770185	0.657028	0.131804	1       	4       	3.06    	0.675574
30 	90    	0       	0.770185	0.646615	0.168918	2       	5       	3.19    	0.716868
31 	94    	0       	0.793148	0.602196	0.219718	1       	4       	3.1     	0.67082 
32 	98    	0       	0.793148	0.6281  	0.181321	1       	5       	3.18    	0.74    
33 	95    	0       	0.793148	0.626963	0.170146	1       	5       	3.11    	0.746927
34 	92    	0       	0.793148	0.6259  	0.194402	2       	5       	3.22    	0.756042
35 	90    	0       	0.793148	0.614176	0.208144	2       	5       	3.31    	0.716868
36 	90    	0       	0.793148	0.637352	0.190571	1       	5       	3.44    	0.897998
37 	93    	0       	0.793148	0.578767	0.255432	1       	5       	3.49    	0.953887
38 	91    	0       	0.793148	0.61442 	0.205317	1       	5       	3.49    	0.877439
39 	91    	0       	0.793148	0.584326	0.237397	1       	5       	3.29    	0.90879 
40 	90    	0       	0.793148	0.6151  	0.196506	1       	5       	3.44    	0.828493
41 	95    	0       	0.793148	0.628944	0.176922	1       	5       	3.27    	0.936536
42 	92    	0       	0.793148	0.634748	0.157984	1       	5       	3.25    	0.887412
43 	93    	0       	0.793148	0.640235	0.175742	1       	5       	3.35    	0.864581
44 	92    	0       	0.793148	0.621741	0.190568	1       	5       	3.24    	0.98102 
45 	85    	0       	0.793148	0.643326	0.161866	1       	5       	3.22    	0.922822
46 	92    	0       	0.793148	0.607487	0.212311	1       	5       	3.16    	0.924338
47 	92    	0       	0.793148	0.568294	0.251412	1       	5       	3.19    	0.966385
48 	88    	0       	0.793148	0.570919	0.24536 	1       	5       	3.22    	0.985698
49 	79    	0       	0.793148	0.63037 	0.188933	1       	5       	3.02    	1.03904 
50 	96    	0       	0.793148	0.60192 	0.205474	1       	5       	3.14    	0.938296
51 	89    	0       	0.793148	0.614837	0.208248	1       	5       	3.09    	0.939095
52 	89    	0       	0.793148	0.624646	0.194025	1       	5       	2.7     	1.0247  
53 	78    	0       	0.793148	0.615744	0.190156	1       	5       	2.69    	1.00693 
54 	95    	0       	0.793148	0.578481	0.237694	1       	5       	2.94    	0.98813 
55 	88    	0       	0.793148	0.63643 	0.167618	1       	5       	2.83    	1.09595 
56 	87    	0       	0.793148	0.604143	0.217486	1       	5       	2.98    	1.23272 
57 	94    	0       	0.793148	0.583783	0.23104 	1       	5       	3.05    	1.18638 
58 	88    	0       	0.793148	0.630126	0.186276	1       	5       	2.92    	1.02645 
59 	89    	0       	0.793148	0.641007	0.173657	1       	5       	2.87    	1.00653 
60 	90    	0       	0.793148	0.606022	0.225201	1       	5       	2.9     	0.921954
61 	82    	0       	0.797593	0.571478	0.254612	1       	5       	2.94    	1.0375  
62 	84    	0       	0.797593	0.610935	0.209647	1       	5       	3.01    	0.910988
63 	84    	0       	0.797593	0.626315	0.196748	1       	5       	2.85    	0.876071
64 	85    	0       	0.797593	0.623083	0.185936	1       	5       	2.76    	0.949947
65 	85    	0       	0.797593	0.608035	0.219137	1       	4       	2.61    	0.958071
66 	86    	0       	0.797593	0.636154	0.179394	1       	5       	2.53    	0.994535
67 	81    	0       	0.80463 	0.639967	0.191204	1       	5       	2.74    	1.00618 
68 	91    	0       	0.80463 	0.660106	0.174064	1       	5       	3.06    	0.903549
69 	86    	0       	0.80463 	0.624744	0.224886	1       	5       	3.02    	0.927146
70 	84    	0       	0.80463 	0.595572	0.230213	1       	4       	2.89    	0.823347
71 	90    	0       	0.80463 	0.582315	0.230348	1       	5       	2.89    	0.926229
72 	93    	0       	0.80463 	0.61977 	0.201267	1       	5       	2.83    	0.949263
73 	95    	0       	0.80463 	0.617846	0.2118  	1       	4       	2.49    	1.07233 
74 	87    	0       	0.80463 	0.615263	0.206776	1       	5       	2.43    	1.04168 
75 	88    	0       	0.80463 	0.583883	0.245507	1       	5       	2.5     	1.03441 
76 	87    	0       	0.80463 	0.582931	0.252467	1       	5       	2.37    	1.07382 
77 	84    	0       	0.80463 	0.627561	0.176385	1       	5       	2.39    	1.148   
78 	88    	0       	0.80463 	0.588146	0.24073 	1       	5       	2.48    	1.12677 
79 	80    	0       	0.80463 	0.613176	0.214471	1       	4       	2.62    	1.17286 
80 	90    	0       	0.80463 	0.611789	0.212683	1       	5       	2.64    	1.2126  
81 	88    	0       	0.80463 	0.628657	0.190356	1       	4       	2.43    	1.21041 
82 	85    	0       	0.80463 	0.594691	0.231565	1       	5       	2.84    	1.20599 
83 	89    	0       	0.80463 	0.615548	0.214358	1       	5       	2.65    	1.2278  
84 	91    	0       	0.80463 	0.591593	0.211531	1       	5       	2.55    	1.23592 
85 	77    	0       	0.80463 	0.666093	0.137928	1       	5       	2.51    	1.29996 
86 	83    	0       	0.80463 	0.621202	0.221122	1       	5       	2.74    	1.21342 
87 	88    	0       	0.80463 	0.624557	0.223164	1       	5       	2.98    	1.14874 
88 	87    	0       	0.80463 	0.629867	0.200785	1       	4       	2.85    	1.18638 
89 	85    	0       	0.80463 	0.608078	0.225606	1       	5       	2.99    	1.17043 
90 	90    	0       	0.80463 	0.61423 	0.219135	1       	5       	2.79    	1.24334 
91 	89    	0       	0.80463 	0.595246	0.231072	1       	5       	2.92    	1.18051 
92 	92    	0       	0.80463 	0.627048	0.190852	1       	4       	2.88    	1.14263 
93 	87    	0       	0.80463 	0.608333	0.21317 	1       	5       	2.91    	1.167   
94 	92    	0       	0.80463 	0.595615	0.23616 	1       	5       	2.96    	1.18254 
95 	89    	0       	0.80463 	0.648407	0.177956	1       	5       	2.98    	1.25682 
96 	91    	0       	0.80463 	0.645667	0.165762	1       	5       	2.99    	1.25296 
97 	92    	0       	0.80463 	0.633531	0.19692 	1       	5       	3.31    	1.1375  
98 	88    	0       	0.80463 	0.590722	0.245621	1       	5       	3.25    	1.09886 
99 	89    	0       	0.80463 	0.65012 	0.147404	1       	5       	3.2     	1.14891 
100	94    	0       	0.80463 	0.603989	0.213777	1       	5       	3.21    	1.03242 
--- 6918.656405448914 sec ---
