   	      	                        fitness                         	                          size                          
   	      	--------------------------------------------------------	--------------------------------------------------------
gen	nevals	min     	max     	avg     	std     	min     	max     	avg     	std     
0  	100   	0       	0.921225	0.565419	0.350212	1       	4       	2.49    	1.08162 
1  	70    	0       	0.934338	0.771125	0.217291	1       	4       	2.2     	1       
2  	79    	0       	0.934338	0.804441	0.188745	1       	4       	2.16    	0.997196
3  	77    	0       	0.934338	0.799575	0.226063	1       	4       	2.31    	0.924067
4  	74    	0.5     	0.934338	0.861741	0.0523829	1       	4       	2.21    	1.01287 
5  	78    	0       	0.93549 	0.843264	0.139376 	1       	4       	2.22    	0.944246
6  	75    	0       	0.93549 	0.835821	0.18077  	1       	4       	2.25    	1.06184 
7  	76    	0       	0.93549 	0.856525	0.177052 	1       	4       	2.06    	1.0566  
8  	66    	0       	0.93549 	0.823446	0.24741  	1       	4       	1.94    	0.977957
9  	81    	0       	0.93549 	0.858361	0.182951 	1       	4       	2.1     	1.05357 
10 	79    	0       	0.93549 	0.875559	0.155358 	1       	4       	2.03    	0.942921
11 	77    	0       	0.93549 	0.861795	0.184648 	1       	4       	2.17    	1.02034 
12 	64    	0       	0.93549 	0.87918 	0.140841 	1       	5       	2.14    	1.0679  
13 	66    	0       	0.93549 	0.873679	0.182618 	1       	4       	2.29    	1.04207 
14 	64    	0       	0.93549 	0.853313	0.218875 	1       	4       	2.22    	1.10073 
15 	68    	0       	0.93549 	0.878583	0.164838 	1       	4       	2.22    	1.03518 
16 	68    	0       	0.93549 	0.856675	0.20291  	1       	5       	2.03    	0.932255
17 	56    	0       	0.93549 	0.861537	0.184196 	1       	5       	1.99    	0.964313
18 	63    	0       	0.93549 	0.867363	0.185528 	1       	5       	2.1     	0.953939
19 	39    	0       	0.93549 	0.883974	0.142898 	1       	5       	1.93    	0.863192
20 	49    	0       	0.93549 	0.864757	0.186288 	1       	5       	1.94    	0.903549
21 	42    	0       	0.93549 	0.83207 	0.255904 	1       	5       	1.85    	0.84113 
22 	42    	0       	0.93549 	0.847188	0.224112 	1       	4       	1.83    	0.749066
23 	40    	0       	0.93549 	0.890815	0.142044 	1       	4       	1.86    	0.76184 
24 	45    	0       	0.93549 	0.881781	0.161752 	1       	4       	1.9     	0.806226
25 	48    	0       	0.93549 	0.838875	0.250099 	1       	4       	2.1     	0.818535
26 	41    	0       	0.93549 	0.895819	0.133535 	1       	4       	2.11    	0.760197
27 	34    	0       	0.93549 	0.847098	0.23657  	1       	5       	2.25    	0.804674
28 	42    	0       	0.93549 	0.878602	0.168995 	1       	4       	2.21    	0.72519 
29 	49    	0       	0.93549 	0.835668	0.252669 	1       	4       	2.11    	0.760197
30 	58    	0       	0.93549 	0.833801	0.25028  	1       	4       	2.17    	0.735595
31 	56    	0       	0.93549 	0.850361	0.23563  	1       	4       	2.28    	0.775629
32 	67    	0       	0.93549 	0.881472	0.161881 	1       	4       	2.31    	0.70278 
33 	52    	0       	0.93549 	0.858557	0.205907 	1       	4       	2.23    	0.614085
34 	60    	0       	0.93549 	0.875165	0.183171 	1       	5       	2.22    	0.641561
35 	50    	0       	0.93549 	0.87632 	0.160896 	1       	4       	2.17    	0.584038
36 	48    	0       	0.93549 	0.855199	0.205525 	1       	5       	2.24    	0.63435 
37 	51    	0       	0.93549 	0.869868	0.186165 	1       	4       	2.26    	0.743236
38 	51    	0       	0.93549 	0.878584	0.164948 	1       	5       	2.15    	0.726292
39 	50    	0.788578	0.93549 	0.912954	0.031813 	1       	5       	1.94    	0.690217
40 	40    	0.717868	0.93549 	0.910157	0.041152 	1       	4       	1.96    	0.677052
41 	45    	0       	0.93549 	0.88788 	0.162703 	1       	5       	1.95    	0.668954
42 	40    	0       	0.93549 	0.883244	0.164766 	1       	5       	1.92    	0.730479
43 	45    	0       	0.93549 	0.864776	0.206584 	1       	5       	2.04    	0.773563
44 	53    	0       	0.93549 	0.854323	0.207386 	1       	5       	2.01    	0.685493
45 	45    	0       	0.93549 	0.898603	0.130991 	1       	4       	1.89    	0.66174 
46 	51    	0       	0.93549 	0.867918	0.189806 	1       	3       	1.78    	0.592959
47 	61    	0       	0.93549 	0.867647	0.184665 	1       	4       	1.95    	0.638357
48 	67    	0       	0.93549 	0.86252 	0.207297 	1       	4       	1.99    	0.670746
49 	70    	0       	0.93549 	0.886238	0.143587 	1       	5       	1.98    	0.663023
50 	58    	0.5     	0.93549 	0.911624	0.0679963	1       	3       	1.82    	0.572364
51 	56    	0       	0.93549 	0.895723	0.141505 	1       	4       	1.77    	0.676092
52 	52    	0       	0.93549 	0.889606	0.163438 	1       	4       	1.77    	0.719097
53 	40    	0       	0.93549 	0.901176	0.136153 	1       	3       	1.75    	0.622495
54 	35    	0       	0.93549 	0.889252	0.143321 	1       	4       	1.69    	0.658711
55 	36    	0       	0.93549 	0.901118	0.112893 	1       	4       	1.7     	0.685565
56 	28    	0       	0.93549 	0.89641 	0.138013 	1       	4       	1.7     	0.7     
57 	46    	0       	0.93549 	0.872065	0.188218 	1       	5       	1.78    	0.794733
58 	26    	0       	0.93549 	0.859284	0.237658 	1       	4       	1.66    	0.635925
59 	26    	0       	0.93549 	0.903964	0.114265 	1       	4       	1.58    	0.602993
60 	40    	0       	0.93549 	0.90899 	0.100469 	1       	4       	1.72    	0.66453 
61 	30    	0       	0.93549 	0.889218	0.145401 	1       	4       	1.84    	0.74458 
62 	38    	0       	0.93549 	0.891584	0.148081 	1       	4       	1.82    	0.726361
63 	41    	0       	0.93549 	0.887409	0.144682 	1       	4       	1.84    	0.731027
64 	45    	0       	0.93549 	0.859765	0.194044 	1       	4       	1.99    	0.877439
65 	47    	0       	0.93549 	0.875151	0.18795  	1       	5       	1.84    	0.757892
66 	43    	0       	0.93549 	0.893809	0.144293 	1       	4       	1.87    	0.658103
67 	51    	0       	0.93549 	0.892732	0.162167 	1       	4       	1.87    	0.658103
68 	47    	0       	0.93549 	0.61327 	0.440591 	1       	5       	1.91    	0.679632
--- 3600.877501964569 sec ---
