   	      	                        fitness                         	                          size                          
   	      	--------------------------------------------------------	--------------------------------------------------------
gen	nevals	min     	max     	avg     	std     	min     	max     	avg     	std     
0  	100   	0       	0.992976	0.620713	0.393302	1       	4       	2.49    	1.08162 
1  	93    	0       	0.992976	0.763963	0.326968	1       	5       	2.45    	1.08972 
2  	94    	0       	0.992976	0.827055	0.26835 	1       	5       	2.4     	1.14018 
3  	94    	0       	0.993776	0.838231	0.276992	1       	5       	2.33    	1.13186 
4  	93    	0       	0.994623	0.82511 	0.323449	1       	5       	2.46    	1.16121 
5  	92    	0       	0.994623	0.868014	0.290213	1       	5       	2.53    	1.12654 
6  	93    	0       	0.994623	0.870942	0.257592	1       	5       	2.38    	1.15568 
7  	96    	0       	0.994623	0.836386	0.316681	1       	4       	2.29    	1.1072  
--- 3600.5762848854065 sec ---
