   	      	                        fitness                         	                          size                          
   	      	--------------------------------------------------------	--------------------------------------------------------
gen	nevals	min     	max     	avg     	std     	min     	max     	avg     	std     
0  	100   	0       	0.759   	0.23229 	0.243011	1       	5       	2.66    	1.19348 
1  	95    	0       	0.771067	0.292445	0.25076 	1       	5       	2.54    	1.13508 
2  	95    	0       	0.771067	0.362173	0.246611	1       	5       	2.34    	1.0883  
3  	95    	0       	0.771067	0.385307	0.23684 	1       	4       	2.39    	0.998949
4  	98    	0       	0.771067	0.380515	0.24426 	1       	5       	2.41    	1.1054  
5  	90    	0       	0.775333	0.243541	0.284788	1       	5       	2.36    	1.07257 
--- 21827.08299922943 sec ---
