   	      	                        fitness                         	                          size                          
   	      	--------------------------------------------------------	--------------------------------------------------------
gen	nevals	min     	max     	avg     	std     	min     	max     	avg     	std     
0  	100   	0       	0.992688	0.651286	0.377763	1       	5       	2.79    	1.20246 
1  	96    	0       	0.992688	0.765787	0.316644	1       	5       	2.62    	1.17286 
2  	95    	0       	0.993206	0.823455	0.287838	1       	5       	2.73    	1.11225 
3  	97    	0       	0.993206	0.89929 	0.197326	1       	5       	2.83    	1.09595 
4  	97    	0       	0.993206	0.914377	0.191828	1       	4       	2.85    	0.931397
5  	87    	0       	0.993206	0.911285	0.196344	1       	5       	2.97    	1.03397 
6  	93    	0       	0.993206	0.769763	0.378982	1       	5       	2.96    	1.04805 
--- 3600.514528274536 sec ---
