   	      	                        fitness                         	                          size                          
   	      	--------------------------------------------------------	--------------------------------------------------------
gen	nevals	min     	max     	avg     	std     	min     	max     	avg     	std     
0  	100   	0       	0.92049 	0.553122	0.366674	1       	5       	2.78    	1.16258 
1  	77    	0       	0.92049 	0.69894 	0.279656	1       	5       	2.68    	1.13031 
2  	84    	0       	0.92049 	0.79241 	0.19145 	1       	5       	2.52    	1.08148 
3  	81    	0       	0.92049 	0.799549	0.244515	1       	4       	2.3     	1.08167 
4  	69    	0       	0.92049 	0.846535	0.196463	1       	5       	2.09    	1.02074 
5  	80    	0       	0.92049 	0.853934	0.197897	1       	5       	2.17    	0.95974 
6  	77    	0       	0.92049 	0.826475	0.223148	1       	4       	2.42    	0.971391
7  	75    	0       	0.92049 	0.818539	0.259938	1       	5       	2.54    	0.963535
8  	72    	0       	0.92049 	0.827779	0.249246	1       	5       	2.47    	0.8995  
9  	67    	0       	0.923407	0.865814	0.153617	1       	4       	2.27    	0.834925
10 	66    	0       	0.923407	0.859753	0.20077 	1       	4       	2.35    	0.84113 
11 	75    	0       	0.923407	0.832338	0.248274	1       	4       	2.38    	0.857671
12 	58    	0       	0.923407	0.838362	0.248429	1       	5       	2.53    	0.853874
13 	63    	0       	0.925956	0.850628	0.219191	1       	5       	2.53    	0.942921
14 	60    	0       	0.925956	0.871163	0.181856	1       	5       	2.46    	0.94255 
15 	53    	0.707721	0.925956	0.908951	0.0343856	1       	5       	2.32    	0.957914
16 	45    	0       	0.925956	0.856101	0.21952  	1       	5       	2.32    	0.926067
17 	36    	0       	0.925956	0.891677	0.136188 	1       	4       	2.16    	0.856971
18 	49    	0       	0.925956	0.872224	0.185421 	1       	4       	2.36    	0.842852
19 	48    	0       	0.925956	0.883499	0.159065 	1       	4       	2.38    	0.745386
20 	43    	0       	0.925956	0.877113	0.18141  	1       	4       	2.38    	0.674981
21 	44    	0       	0.925956	0.872021	0.168093 	1       	4       	2.46    	0.726911
22 	40    	0       	0.925956	0.858487	0.206697 	1       	5       	2.45    	0.739932
23 	40    	0       	0.925956	0.862226	0.204505 	2       	5       	2.5     	0.806226
24 	46    	0       	0.925956	0.879067	0.159035 	1       	4       	2.52    	0.793473
25 	43    	0       	0.925956	0.88829 	0.157881 	2       	5       	2.63    	0.808146
26 	47    	0       	0.925956	0.808456	0.288569 	1       	5       	2.78    	0.911921
27 	42    	0       	0.925956	0.837806	0.228575 	1       	5       	2.64    	0.922171
28 	49    	0       	0.925956	0.847894	0.234606 	1       	4       	2.7     	0.842615
29 	55    	0       	0.923407	0.830289	0.263083 	1       	5       	2.56    	0.875443
30 	55    	0       	0.923407	0.854157	0.219623 	1       	5       	2.53    	0.842081
31 	42    	0       	0.945319	0.86741 	0.18786  	2       	4       	2.45    	0.698212
32 	42    	0       	0.945319	0.890174	0.137818 	2       	5       	2.53    	0.767529
33 	50    	0       	0.945319	0.905497	0.0959341	2       	4       	2.5     	0.74162 
34 	48    	0       	0.945319	0.874467	0.169603 	1       	4       	2.54    	0.713022
35 	50    	0       	0.945319	0.897753	0.131177 	2       	4       	2.61    	0.733417
36 	67    	0       	0.945319	0.860034	0.219062 	1       	5       	2.63    	0.757034
37 	60    	0       	0.945319	0.890761	0.159823 	2       	4       	2.54    	0.654523
38 	60    	0       	0.945319	0.874314	0.203009 	1       	4       	2.55    	0.71239 
39 	55    	0       	0.945319	0.894267	0.144045 	1       	4       	2.51    	0.741552
40 	60    	0       	0.945319	0.904492	0.112373 	1       	4       	2.46    	0.767072
41 	47    	0       	0.945319	0.875535	0.209498 	2       	4       	2.54    	0.767072
42 	60    	0       	0.945319	0.86353 	0.224351 	1       	4       	2.41    	0.736139
43 	59    	0       	0.945319	0.873855	0.194995 	1       	5       	2.49    	0.793662
44 	48    	0       	0.945319	0.908224	0.112744 	2       	4       	2.55    	0.779423
45 	59    	0       	0.945319	0.85953 	0.239261 	1       	4       	2.64    	0.793977
46 	44    	0       	0.945319	0.83631 	0.281107 	2       	5       	2.77    	0.846818
47 	37    	0       	0.945319	0.887147	0.191231 	2       	4       	2.62    	0.758683
48 	42    	0       	0.945319	0.888639	0.189244 	2       	5       	2.38    	0.628967
49 	34    	0       	0.945319	0.89672 	0.186096 	1       	4       	2.4     	0.648074
50 	40    	0       	0.945319	0.831736	0.28222  	1       	5       	2.41    	0.722426
51 	38    	0       	0.945319	0.896435	0.167278 	1       	4       	2.38    	0.674981
52 	37    	0       	0.948652	0.893215	0.153875 	1       	4       	2.31    	0.643351
53 	46    	0       	0.948652	0.877814	0.191319 	1       	4       	2.36    	0.608605
54 	42    	0       	0.948652	0.871189	0.224004 	2       	5       	2.5     	0.714143
55 	38    	0       	0.948652	0.870732	0.226237 	1       	5       	2.41    	0.69419 
56 	34    	0       	0.948652	0.864729	0.228921 	1       	5       	2.3     	0.67082 
57 	43    	0       	0.948652	0.88872 	0.189143 	1       	4       	2.34    	0.681469
58 	41    	0       	0.948652	0.900998	0.163822 	1       	4       	2.24    	0.549909
59 	39    	0.5     	0.948652	0.930286	0.0576483	2       	4       	2.31    	0.594895
60 	54    	0       	0.948652	0.888192	0.191338 	1       	4       	2.38    	0.674981
61 	58    	0       	0.948652	0.872687	0.227517 	2       	4       	2.34    	0.62    
62 	64    	0       	0.948652	0.870077	0.216494 	1       	4       	2.38    	0.612862
63 	57    	0       	0.948652	0.842341	0.262087 	2       	4       	2.45    	0.638357
64 	46    	0       	0.948652	0.854041	0.248034 	1       	4       	2.31    	0.611474
65 	44    	0       	0.948652	0.884966	0.197603 	1       	5       	2.36    	0.714423
66 	38    	0       	0.948652	0.838452	0.277127 	1       	4       	2.25    	0.572276
67 	28    	0       	0.948652	0.861711	0.233383 	1       	4       	2.19    	0.542125
68 	28    	0       	0.948652	0.889464	0.191867 	1       	4       	2.2     	0.648074
69 	32    	0       	0.948652	0.885955	0.195073 	1       	4       	2.28    	0.722219
70 	24    	0       	0.948652	0.908812	0.142256 	1       	5       	2.19    	0.611474
71 	33    	0       	0.948652	0.900539	0.146184 	1       	5       	2.12    	0.534416
72 	22    	0       	0.948652	0.920827	0.108375 	2       	4       	2.18    	0.497594
73 	29    	0       	0.948652	0.906797	0.163355 	1       	4       	2.2     	0.547723
74 	36    	0       	0.948652	0.877077	0.211739 	1       	4       	2.23    	0.645833
75 	29    	0       	0.948652	0.91335 	0.122102 	1       	4       	2.18    	0.589576
76 	19    	0.5     	0.948652	0.926632	0.0660412	1       	4       	2.12    	0.515364
77 	27    	0       	0.948652	0.868474	0.226657 	1       	5       	2.17    	0.617333
78 	29    	0       	0.948652	0.881155	0.190708 	1       	4       	2.15    	0.554527
79 	24    	0       	0.948652	0.890961	0.18874  	1       	5       	2.28    	0.693974
80 	17    	0       	0.948652	0.920516	0.134438 	1       	4       	2.14    	0.510294
81 	31    	0       	0.948652	0.838298	0.28399  	1       	5       	2.26    	0.701712
82 	20    	0       	0.948652	0.887938	0.206756 	1       	4       	2.1     	0.43589 
83 	26    	0       	0.948652	0.906985	0.14316  	1       	4       	2.14    	0.469468
84 	24    	0       	0.948652	0.903561	0.164371 	1       	4       	2.13    	0.52259 
85 	17    	0       	0.948652	0.91757 	0.137456 	1       	4       	2.07    	0.353695
86 	22    	0       	0.948652	0.905433	0.163373 	1       	4       	2.07    	0.430232
87 	36    	0       	0.948652	0.889893	0.173516 	1       	4       	2.07    	0.474447
88 	28    	0       	0.948652	0.893304	0.171082 	2       	4       	2.12    	0.381576
89 	23    	0       	0.948652	0.909359	0.141862 	1       	4       	2.06    	0.341174
90 	33    	0       	0.948652	0.897185	0.174406 	1       	3       	2.05    	0.295804
91 	30    	0       	0.948652	0.901926	0.164471 	1       	4       	2.11    	0.421782
92 	36    	0       	0.948652	0.908397	0.135824 	1       	4       	2.24    	0.58515 
93 	32    	0       	0.948652	0.87976 	0.19117  	1       	4       	2.11    	0.466798
94 	33    	0       	0.948652	0.873286	0.212735 	1       	4       	2.09    	0.402368
95 	35    	0       	0.948652	0.896325	0.185214 	1       	4       	2.14    	0.4005  
96 	32    	0       	0.948652	0.874479	0.211496 	1       	5       	2.12    	0.49558 
97 	34    	0       	0.948652	0.889641	0.191963 	1       	3       	2.15    	0.384057
98 	17    	0       	0.948652	0.907383	0.164521 	1       	4       	2.19    	0.542125
99 	32    	0       	0.948652	0.911964	0.117146 	1       	4       	2.25    	0.554527
100	32    	0       	0.948652	0.86613 	0.239957 	2       	4       	2.17    	0.425558
--- 2494.553594827652 sec ---
