   	      	                        fitness                         	                          size                          
   	      	--------------------------------------------------------	--------------------------------------------------------
gen	nevals	min     	max     	avg     	std     	min     	max     	avg     	std     
0  	100   	0       	0.732372	0.37423 	0.26524 	1       	5       	2.74    	1.03557 
1  	96    	0       	0.768633	0.477156	0.221509	1       	5       	2.69    	1.03629 
2  	96    	0       	0.768633	0.559066	0.138883	1       	5       	2.74    	1.0735  
3  	97    	0       	0.768633	0.54361 	0.189057	1       	5       	2.79    	0.90879 
4  	92    	0       	0.814262	0.58401 	0.159684	1       	5       	2.59    	0.960156
5  	91    	0       	0.814262	0.358696	0.321328	1       	5       	2.52    	0.842378
--- 3605.169335603714 sec ---
