   	      	                        fitness                         	                          size                          
   	      	--------------------------------------------------------	--------------------------------------------------------
gen	nevals	min     	max     	avg     	std     	min     	max     	avg     	std     
0  	100   	0       	0.725   	0.3418  	0.22271 	1       	5       	2.92    	1.03615 
1  	74    	0       	0.725   	0.440643	0.188913	1       	5       	2.71    	1.08899 
2  	81    	0       	0.735926	0.502983	0.172571	1       	5       	2.68    	1.03808 
3  	71    	0       	0.735926	0.528363	0.194087	1       	5       	2.83    	1.11405 
4  	69    	0       	0.735926	0.58967 	0.157648	1       	4       	2.61    	1.01877 
5  	74    	0       	0.735926	0.600165	0.18409 	1       	4       	2.43    	1.00255 
6  	74    	0       	0.735926	0.559404	0.239194	1       	4       	2.59    	0.970515
7  	72    	0       	0.735926	0.58832 	0.214725	1       	5       	2.55    	1.00374 
8  	63    	0       	0.735926	0.6154  	0.208752	1       	5       	2.53    	0.984429
9  	56    	0       	0.735926	0.63735 	0.201524	1       	4       	2.36    	0.932952
10 	51    	0       	0.735926	0.638909	0.200935	1       	5       	2.28    	0.980612
11 	51    	0       	0.754815	0.632704	0.213072	1       	5       	2.37    	0.976268
12 	50    	0       	0.754815	0.66783 	0.176277	1       	4       	2.21    	0.840179
13 	44    	0       	0.754815	0.644563	0.224472	1       	4       	2.39    	0.881986
14 	52    	0       	0.754815	0.655352	0.199532	1       	4       	2.54    	0.899111
15 	49    	0       	0.754815	0.641328	0.200163	1       	4       	2.32    	0.835225
16 	45    	0       	0.757963	0.685219	0.14446 	1       	4       	2.15    	0.753326
17 	41    	0       	0.757963	0.698731	0.134275	1       	4       	2.22    	0.819512
18 	60    	0       	0.757963	0.638626	0.225899	1       	4       	2.32    	0.858836
19 	47    	0       	0.757963	0.676883	0.164693	1       	4       	2.3     	0.818535
20 	47    	0       	0.757963	0.662157	0.197468	1       	5       	2.35    	0.864581
21 	42    	0       	0.757963	0.682733	0.185623	1       	4       	2.14    	0.693109
22 	47    	0       	0.757963	0.668676	0.196589	1       	4       	2.29    	0.588133
23 	67    	0       	0.757963	0.661826	0.210463	1       	5       	2.41    	0.69419 
24 	58    	0       	0.757963	0.682465	0.182052	1       	4       	2.37    	0.610819
25 	43    	0       	0.757963	0.674207	0.178666	1       	4       	2.39    	0.676683
26 	47    	0       	0.762222	0.703411	0.15912 	1       	4       	2.29    	0.588133
27 	37    	0       	0.762222	0.700411	0.156613	1       	4       	2.33    	0.584038
28 	48    	0       	0.762407	0.657613	0.222111	1       	5       	2.38    	0.66    
29 	36    	0       	0.762407	0.692993	0.177314	1       	4       	2.34    	0.603656
30 	40    	0       	0.762407	0.684081	0.181377	1       	4       	2.35    	0.638357
31 	30    	0       	0.762407	0.694983	0.174486	1       	5       	2.22    	0.54    
32 	18    	0       	0.762407	0.717072	0.143784	2       	4       	2.13    	0.364829
33 	33    	0       	0.762407	0.704502	0.14461 	1       	4       	2.12    	0.453431
34 	35    	0       	0.762407	0.683241	0.20117 	2       	3       	2.18    	0.384187
35 	29    	0       	0.762407	0.695952	0.172977	1       	4       	2.17    	0.448442
36 	28    	0       	0.762407	0.682474	0.197371	1       	4       	2.18    	0.477074
37 	35    	0       	0.762407	0.668937	0.205271	2       	4       	2.28    	0.549181
38 	37    	0       	0.762407	0.6831  	0.202149	2       	4       	2.2     	0.509902
39 	25    	0       	0.762407	0.683006	0.192323	1       	5       	2.21    	0.570877
40 	37    	0       	0.762407	0.688281	0.198738	1       	5       	2.17    	0.530189
41 	31    	0       	0.762407	0.674152	0.200012	1       	5       	2.21    	0.553082
42 	31    	0       	0.762407	0.709511	0.150302	2       	4       	2.22    	0.521153
43 	35    	0       	0.762407	0.698294	0.162631	1       	5       	2.21    	0.570877
44 	30    	0       	0.762407	0.669535	0.182659	1       	4       	2.12    	0.453431
45 	29    	0       	0.762407	0.651617	0.222832	1       	4       	2.16    	0.504381
46 	24    	0       	0.762407	0.689361	0.171995	2       	4       	2.1     	0.387298
47 	21    	0       	0.762407	0.70683 	0.167605	2       	4       	2.09    	0.402368
48 	22    	0       	0.762407	0.691783	0.170246	1       	4       	2.04    	0.372022
49 	31    	0       	0.762407	0.684781	0.189982	2       	4       	2.11    	0.421782
50 	27    	0       	0.762407	0.696   	0.168173	1       	5       	2.13    	0.559553
51 	30    	0       	0.762407	0.676085	0.190423	1       	4       	2.11    	0.466798
52 	20    	0       	0.762407	0.674598	0.211438	1       	4       	2.11    	0.44486 
53 	23    	0       	0.762407	0.678598	0.193503	1       	4       	2.03    	0.359305
54 	17    	0       	0.762407	0.709283	0.168432	2       	4       	2.04    	0.241661
55 	20    	0       	0.762407	0.697061	0.169817	1       	4       	2.07    	0.406325
56 	16    	0       	0.769444	0.718089	0.135077	1       	4       	2.06    	0.395474
57 	26    	0       	0.769444	0.690789	0.175105	1       	5       	2.1     	0.479583
58 	20    	0       	0.769444	0.702148	0.165955	1       	5       	2.07    	0.45288 
59 	28    	0       	0.769444	0.680593	0.184357	1       	4       	2.08    	0.44    
60 	25    	0       	0.769444	0.679111	0.188774	1       	4       	2.06    	0.369324
61 	30    	0       	0.769444	0.683202	0.173767	1       	4       	2.09    	0.376696
62 	31    	0       	0.789074	0.716757	0.117363	1       	4       	2.08    	0.391918
63 	30    	0.278519	0.789074	0.745487	0.069786	1       	3       	2.04    	0.241661
64 	29    	0       	0.789074	0.681846	0.20741 	1       	4       	2.06    	0.341174
65 	41    	0       	0.789074	0.656911	0.23132 	2       	4       	2.17    	0.470213
66 	38    	0       	0.791667	0.695054	0.183978	1       	3       	2.06    	0.310483
67 	37    	0       	0.791667	0.681033	0.210508	1       	4       	2.14    	0.447661
68 	35    	0       	0.791667	0.676011	0.226115	1       	4       	2.15    	0.517204
69 	39    	0       	0.791667	0.689417	0.192753	1       	3       	1.99    	0.172916
70 	38    	0       	0.791667	0.712991	0.154129	1       	5       	2.08    	0.503587
71 	44    	0       	0.791667	0.696857	0.206385	2       	5       	2.12    	0.474974
72 	36    	0       	0.791667	0.716546	0.1862  	1       	5       	2.1     	0.43589 
73 	31    	0       	0.791667	0.713176	0.200346	1       	4       	2.11    	0.466798
74 	26    	0       	0.791667	0.705524	0.211212	2       	4       	2.1     	0.412311
75 	25    	0       	0.791667	0.754006	0.116079	1       	4       	2.04    	0.313688
76 	29    	0       	0.791667	0.731641	0.152511	2       	4       	2.07    	0.324191
77 	20    	0       	0.791667	0.728396	0.160507	2       	4       	2.05    	0.259808
78 	24    	0       	0.791667	0.734885	0.138011	1       	3       	2.03    	0.221585
79 	28    	0       	0.791667	0.726563	0.173242	1       	4       	2.02    	0.244131
80 	31    	0       	0.791667	0.694478	0.20483 	1       	5       	2.15    	0.622495
81 	19    	0       	0.791667	0.727054	0.168153	2       	4       	2.11    	0.44486 
82 	32    	0       	0.791667	0.704885	0.187389	1       	4       	2.1     	0.43589 
83 	38    	0       	0.791667	0.681731	0.209165	1       	4       	2.06    	0.341174
84 	38    	0       	0.791667	0.692815	0.183344	1       	4       	2.1     	0.458258
85 	43    	0       	0.791667	0.662857	0.241118	1       	5       	2.14    	0.529528
86 	40    	0       	0.791667	0.671811	0.229082	1       	5       	2.23    	0.645833
87 	45    	0       	0.791667	0.681493	0.204088	2       	4       	2.2     	0.469042
88 	35    	0       	0.791667	0.726511	0.164085	1       	4       	2.1     	0.387298
89 	31    	0       	0.791667	0.739283	0.136724	2       	5       	2.11    	0.397366
90 	39    	0       	0.791667	0.695231	0.21301 	1       	4       	2.19    	0.523355
91 	31    	0       	0.791667	0.701331	0.210206	1       	4       	2.11    	0.44486 
92 	34    	0       	0.791667	0.748187	0.105757	1       	5       	2.06    	0.369324
93 	30    	0       	0.791667	0.717935	0.171042	1       	4       	2.13    	0.541387
94 	28    	0       	0.791667	0.724115	0.156885	1       	4       	2.08    	0.483322
95 	40    	0       	0.791667	0.719411	0.158927	1       	4       	2.08    	0.365513
96 	20    	0       	0.791667	0.732076	0.151343	1       	4       	2.07    	0.406325
97 	27    	0       	0.791667	0.711474	0.201817	1       	4       	2.11    	0.44486 
98 	45    	0       	0.791667	0.661454	0.229334	1       	4       	2.12    	0.570614
99 	44    	0       	0.791667	0.676393	0.225296	1       	4       	2.05    	0.327872
100	30    	0       	0.791667	0.722278	0.166319	1       	4       	2.02    	0.244131
--- 2926.680168867111 sec ---
