   	      	                        fitness                         	                          size                          
   	      	--------------------------------------------------------	--------------------------------------------------------
gen	nevals	min     	max     	avg     	std     	min     	max     	avg     	std     
0  	100   	0       	0.735125	0.383087	0.266946	1       	5       	2.8     	1.22474 
1  	97    	0       	0.735125	0.500163	0.190841	1       	5       	2.84    	1.25475 
2  	95    	0       	0.766477	0.52969 	0.163871	1       	5       	2.89    	1.29534 
3  	94    	0       	0.784072	0.560872	0.16421 	1       	5       	3       	1.31149 
4  	95    	0       	0.826957	0.610434	0.107067	1       	5       	3.07    	1.19378 
5  	96    	0       	0.826957	0.170724	0.282821	1       	5       	3.07    	1.21865 
--- 3603.572906255722 sec ---
