   	      	                        fitness                         	                          size                          
   	      	--------------------------------------------------------	--------------------------------------------------------
gen	nevals	min     	max     	avg     	std     	min     	max     	avg     	std     
0  	100   	0       	0.972457	0.643261	0.393733	1       	5       	2.53    	1.18706 
1  	95    	0       	0.973874	0.801987	0.277297	1       	4       	2.23    	1.05693 
2  	94    	0       	0.977362	0.840216	0.272038	1       	5       	2.3     	1.1619  
3  	94    	0       	0.977776	0.812726	0.32852 	1       	5       	2.35    	1.21963 
4  	95    	0       	0.977776	0.878171	0.256464	1       	5       	2.26    	1.17149 
5  	95    	0       	0.977776	0.888066	0.229384	1       	5       	2.59    	1.09631 
6  	94    	0       	0.977776	0.229778	0.409894	1       	5       	2.74    	1.08277 
--- 43624.3827381134 sec ---
