   	      	                        fitness                         	                          size                          
   	      	--------------------------------------------------------	--------------------------------------------------------
gen	nevals	min     	max     	avg     	std     	min     	max     	avg     	std     
0  	100   	0       	0.991456	0.654882	0.372951	1       	5       	2.66    	1.19348 
1  	96    	0       	0.993671	0.739445	0.342527	1       	5       	2.75    	1.19478 
2  	98    	0       	0.993671	0.787923	0.2938  	1       	5       	2.76    	1.03073 
3  	93    	0       	0.993671	0.797577	0.332829	1       	5       	2.7     	1.05357 
4  	90    	0       	0.993671	0.81643 	0.313502	1       	5       	2.53    	1.09959 
5  	93    	0       	0.993671	0.235416	0.409009	1       	4       	2.29    	0.90879 
--- 3604.1704461574554 sec ---
