   	      	                        fitness                         	                          size                          
   	      	--------------------------------------------------------	--------------------------------------------------------
gen	nevals	min     	max     	avg     	std     	min     	max     	avg     	std     
0  	100   	0       	0.710949	0.363662	0.264435	1       	5       	2.98    	1.21639 
1  	92    	0       	0.721926	0.462185	0.222212	1       	5       	2.84    	1.12889 
2  	98    	0       	0.737309	0.498309	0.200537	1       	5       	2.53    	1.00454 
3  	93    	0       	0.772519	0.565775	0.14529 	1       	5       	2.71    	1.04207 
4  	94    	0       	0.78294 	0.578072	0.170339	1       	4       	2.68    	0.97857 
5  	97    	0       	0.78294 	0.56789 	0.209715	1       	5       	2.7     	1.01489 
6  	88    	0       	0.78294 	0.393995	0.325689	1       	5       	2.56    	0.962497
--- 3865.533520936966 sec ---
