   	      	                        fitness                         	                          size                          
   	      	--------------------------------------------------------	--------------------------------------------------------
gen	nevals	min     	max     	avg     	std     	min     	max     	avg     	std     
0  	100   	0       	0.991834	0.60571 	0.403643	1       	5       	2.65    	1.17792 
1  	93    	0       	0.991834	0.787158	0.296608	1       	5       	2.69    	1.10177 
2  	98    	0       	0.991834	0.819848	0.28972 	1       	5       	2.66    	1.0883  
3  	95    	0       	0.992734	0.84557 	0.260072	1       	5       	2.98    	1.03904 
4  	96    	0       	0.992734	0.85569 	0.263427	1       	5       	3.04    	1.02879 
5  	89    	0       	0.992734	0.869487	0.260168	1       	5       	2.9     	1.05357 
6  	94    	0       	0.992734	0.612218	0.461139	1       	4       	2.81    	1.01681 
--- 3809.619054079056 sec ---
