   	      	                        fitness                         	                          size                          
   	      	--------------------------------------------------------	--------------------------------------------------------
gen	nevals	min     	max     	avg     	std     	min     	max     	avg     	std     
0  	100   	0       	0.693519	0.23742 	0.209003	1       	5       	2.81    	1.0742  
1  	93    	0       	0.707037	0.334311	0.192716	1       	5       	2.75    	1.08972 
2  	95    	0       	0.707037	0.368617	0.191648	1       	5       	2.72    	1.07778 
3  	94    	0       	0.786296	0.385994	0.183736	1       	5       	2.87    	1.13715 
4  	100   	0       	0.786296	0.440928	0.184383	1       	5       	2.95    	1.18638 
5  	97    	0       	0.786296	0.40323 	0.223799	1       	5       	2.94    	1.16465 
6  	99    	0       	0.786296	0.460048	0.205548	1       	5       	2.91    	1.11441 
7  	91    	0       	0.786296	0.462207	0.223847	1       	5       	2.84    	1.20599 
8  	92    	0       	0.79037 	0.498906	0.205491	1       	5       	2.95    	1.2114  
9  	87    	0       	0.79037 	0.524031	0.209138	1       	5       	2.73    	1.22356 
10 	96    	0       	0.79037 	0.535837	0.224343	1       	5       	2.8     	1.14891 
11 	90    	0       	0.791296	0.587433	0.192132	1       	5       	2.97    	1.0436  
12 	91    	0       	0.796296	0.581093	0.222517	1       	5       	3.02    	1.09526 
13 	89    	0       	0.796296	0.625143	0.194739	1       	5       	3.11    	1.02854 
14 	96    	0       	0.796667	0.641859	0.18794 	1       	4       	3.07    	1.03204 
15 	91    	0       	0.796667	0.656563	0.180301	1       	4       	2.92    	1.08333 
16 	95    	0       	0.797963	0.63378 	0.216019	1       	4       	2.98    	1.01961 
17 	94    	0       	0.797963	0.599867	0.230976	1       	5       	3.2     	0.948683
18 	92    	0       	0.797963	0.647187	0.197296	1       	4       	3.34    	0.862786
19 	93    	0       	0.817037	0.672787	0.178458	1       	4       	3.45    	0.779423
20 	87    	0       	0.817037	0.649031	0.211073	1       	5       	3.56    	0.711618
21 	90    	0       	0.817037	0.632367	0.247363	1       	5       	3.62    	0.731847
22 	93    	0       	0.817037	0.635531	0.244048	1       	5       	3.55    	0.766485
23 	92    	0       	0.817037	0.679439	0.187672	1       	5       	3.65    	0.622495
24 	95    	0       	0.817037	0.695096	0.156722	2       	5       	3.69    	0.643351
25 	93    	0       	0.817037	0.723744	0.120341	1       	5       	3.63    	0.730137
26 	93    	0       	0.817037	0.672867	0.200736	1       	5       	3.67    	0.800687
27 	96    	0       	0.817037	0.689606	0.161528	1       	5       	3.69    	0.716868
28 	91    	0       	0.817037	0.666726	0.199517	1       	5       	3.61    	0.881986
29 	92    	0       	0.817037	0.624663	0.236945	2       	5       	3.72    	0.735935
30 	93    	0       	0.817037	0.691335	0.175569	1       	5       	3.6     	0.8     
31 	94    	0       	0.817037	0.652613	0.225387	1       	5       	3.64    	0.889044
32 	91    	0       	0.817037	0.663024	0.199094	1       	5       	3.62    	0.903106
33 	91    	0       	0.817037	0.65665 	0.22205 	1       	5       	3.46    	0.910165
34 	88    	0       	0.817037	0.676302	0.18966 	1       	5       	3.5     	0.8544  
35 	93    	0       	0.817037	0.635087	0.256004	1       	5       	3.55    	0.84113 
36 	97    	0       	0.817037	0.682052	0.181624	1       	5       	3.61    	0.77324 
37 	93    	0       	0.817037	0.722985	0.120298	1       	4       	3.48    	0.888594
38 	90    	0       	0.817037	0.69133 	0.189224	1       	5       	3.41    	0.990909
39 	89    	0       	0.817037	0.699072	0.167462	1       	5       	3.55    	0.864581
40 	86    	0       	0.817037	0.664137	0.213908	1       	5       	3.52    	0.854166
41 	89    	0       	0.817037	0.648909	0.215152	1       	5       	3.36    	1.10018 
42 	86    	0       	0.817037	0.653761	0.226733	1       	5       	3.39    	1.00891 
43 	93    	0       	0.819074	0.640131	0.24934 	1       	5       	3.34    	1.0022  
44 	86    	0       	0.819074	0.6981  	0.178796	1       	4       	3.45    	0.89861 
45 	92    	0       	0.819074	0.701706	0.195884	1       	5       	3.53    	0.910549
46 	88    	0       	0.819074	0.705726	0.175986	1       	5       	3.42    	1.01173 
47 	85    	0       	0.819074	0.681574	0.230481	1       	5       	3.5     	0.994987
48 	92    	0       	0.819074	0.678487	0.220236	1       	5       	3.59    	0.801187
49 	86    	0       	0.819074	0.736519	0.131744	1       	5       	3.65    	0.726292
50 	90    	0       	0.819074	0.699378	0.195848	2       	5       	3.63    	0.71631 
51 	87    	0       	0.819074	0.725889	0.138685	1       	5       	3.52    	0.830422
52 	87    	0       	0.819074	0.720793	0.171564	1       	5       	3.52    	0.780769
53 	84    	0       	0.819074	0.686183	0.207863	1       	4       	3.49    	0.793662
54 	93    	0       	0.819074	0.652357	0.232763	1       	5       	3.61    	0.746927
55 	89    	0       	0.819074	0.672872	0.190942	1       	5       	3.47    	0.876983
56 	88    	0       	0.819074	0.662067	0.206592	1       	5       	3.47    	0.83012 
57 	88    	0       	0.819074	0.685654	0.189663	1       	5       	3.44    	0.80399 
58 	92    	0       	0.819074	0.682767	0.200376	1       	5       	3.55    	0.71239 
59 	87    	0       	0.819074	0.698341	0.166343	1       	5       	3.35    	0.817007
60 	89    	0       	0.819074	0.665111	0.222767	1       	5       	3.34    	0.896883
61 	94    	0       	0.819074	0.703804	0.165294	1       	5       	3.32    	0.968297
62 	85    	0       	0.819074	0.682915	0.204572	1       	5       	3.1     	1.11803 
63 	93    	0       	0.819074	0.668856	0.216521	1       	5       	3.19    	0.996945
64 	91    	0       	0.819074	0.672343	0.216886	1       	5       	2.95    	1.08972 
65 	86    	0       	0.819074	0.652974	0.232892	1       	5       	3.05    	1.01366 
66 	91    	0       	0.819074	0.692967	0.182219	1       	5       	3.19    	0.934826
67 	88    	0       	0.819074	0.653017	0.232597	1       	5       	3.28    	0.990757
68 	89    	0       	0.819074	0.657346	0.230866	1       	5       	3.21    	1.07977 
69 	83    	0       	0.819074	0.679235	0.191718	1       	5       	3.06    	1.10291 
70 	87    	0       	0.819074	0.716891	0.174714	1       	5       	3.02    	1.11337 
71 	86    	0       	0.819074	0.651041	0.23276 	1       	5       	2.93    	1.0794  
72 	88    	0       	0.819074	0.690487	0.186873	1       	5       	2.93    	1.03204 
73 	86    	0       	0.819074	0.683406	0.202375	1       	5       	3.13    	0.955563
74 	97    	0       	0.819074	0.717456	0.170716	1       	5       	3.28    	0.96    
75 	88    	0       	0.819074	0.727757	0.143871	1       	5       	3.21    	0.851998
76 	88    	0       	0.819074	0.71577 	0.154318	1       	5       	3.25    	0.90967 
77 	89    	0       	0.819074	0.659331	0.22686 	1       	5       	3.44    	0.875443
78 	88    	0       	0.819074	0.679715	0.211987	1       	4       	3.34    	0.8743  
79 	91    	0       	0.819074	0.6354  	0.257749	2       	5       	3.46    	0.817557
80 	94    	0       	0.819074	0.678557	0.203713	1       	5       	3.38    	0.880682
81 	91    	0       	0.819074	0.657898	0.228886	1       	5       	3.36    	0.911263
82 	92    	0       	0.819074	0.671972	0.207977	2       	4       	3.26    	0.832106
83 	93    	0       	0.819074	0.68877 	0.182177	1       	5       	3.25    	0.931397
84 	88    	0       	0.819074	0.705511	0.174109	2       	4       	3.31    	0.808641
85 	89    	0       	0.819074	0.693774	0.189053	1       	5       	3.33    	0.906146
86 	92    	0       	0.819074	0.650448	0.229971	1       	5       	3.2     	0.948683
87 	91    	0       	0.819074	0.660222	0.232316	1       	5       	3.46    	0.899111
88 	91    	0       	0.819074	0.650056	0.240572	1       	4       	3.43    	0.815537
89 	87    	0       	0.819074	0.699698	0.179662	1       	4       	3.25    	0.887412
90 	91    	0       	0.819074	0.667031	0.229479	1       	5       	3.41    	0.825772
91 	92    	0       	0.819074	0.687685	0.209845	1       	5       	3.43    	0.827708
92 	92    	0       	0.819074	0.670865	0.216775	1       	5       	3.49    	0.780961
93 	94    	0       	0.819074	0.702987	0.182086	1       	4       	3.43    	0.764918
94 	91    	0       	0.819074	0.709707	0.156733	1       	5       	3.39    	0.835404
95 	93    	0       	0.819074	0.714948	0.156072	1       	5       	3.35    	0.739932
96 	95    	0       	0.819074	0.676904	0.224491	1       	5       	3.37    	0.867813
97 	92    	0       	0.819074	0.653794	0.243796	1       	5       	3.53    	0.817985
98 	88    	0       	0.819074	0.694757	0.203196	1       	5       	3.36    	0.954149
99 	93    	0       	0.819074	0.664452	0.245298	1       	5       	3.25    	1.01366 
100	92    	0       	0.819074	0.675504	0.248281	1       	5       	3.57    	0.886059
--- 6028.355129957199 sec ---
