   	      	                        fitness                         	                          size                          
   	      	--------------------------------------------------------	--------------------------------------------------------
gen	nevals	min     	max     	avg     	std     	min     	max     	avg     	std     
0  	100   	0       	0.979609	0.637538	0.377956	1       	4       	2.49    	1.08162 
1  	94    	0       	0.979609	0.809857	0.271792	1       	5       	2.49    	1.09995 
2  	96    	0       	0.979609	0.798424	0.315406	1       	4       	2.5     	1.07238 
3  	96    	0       	0.979609	0.764241	0.35129 	1       	4       	2.62    	0.997798
4  	95    	0       	0.979609	0.815265	0.325992	1       	5       	2.54    	0.973858
5  	97    	0       	0.979609	0.828907	0.291938	1       	5       	2.47    	1.0436  
6  	95    	0       	0.979609	0.06317 	0.234228	1       	5       	2.5     	0.974679
--- 43303.30326461792 sec ---
