   	      	                        fitness                         	                          size                          
   	      	--------------------------------------------------------	--------------------------------------------------------
gen	nevals	min     	max     	avg     	std     	min     	max     	avg     	std     
0  	100   	0       	0.988351	0.568457	0.399407	1       	5       	2.81    	1.0742  
1  	94    	0       	0.988351	0.697779	0.343246	1       	5       	2.8     	1.07703 
2  	91    	0       	0.99236 	0.806088	0.272326	1       	4       	2.52    	1.0245  
3  	99    	0       	0.99236 	0.833484	0.255675	1       	5       	2.58    	1.06939 
4  	97    	0       	0.992406	0.816575	0.301998	1       	5       	2.41    	1.17554 
5  	96    	0       	0.993304	0.830301	0.304366	1       	5       	2.57    	1.19378 
6  	92    	0       	0.993304	0.50948 	0.473763	1       	5       	2.66    	1.10653 
--- 3611.648240327835 sec ---
