   	      	                        fitness                         	                          size                          
   	      	--------------------------------------------------------	--------------------------------------------------------
gen	nevals	min     	max     	avg     	std     	min     	max     	avg     	std     
0  	100   	0       	0.734001	0.382166	0.294575	1       	5       	2.98    	1.21639 
1  	94    	0       	0.742032	0.467264	0.266026	1       	5       	2.81    	1.08347 
2  	97    	0       	0.742032	0.530665	0.221167	1       	4       	2.67    	1.05882 
3  	93    	0       	0.742032	0.565465	0.2146  	1       	5       	2.84    	1.102   
4  	93    	0       	0.742032	0.561402	0.238584	1       	5       	2.89    	1.01877 
5  	97    	0       	0.742032	0.614375	0.183543	1       	4       	2.94    	0.858138
6  	97    	0       	0.743011	0.61508 	0.204446	1       	5       	3.04    	0.811419
7  	95    	0       	0.743011	0.660857	0.14706 	1       	5       	3.16    	0.821219
8  	93    	0       	0.743011	0.609394	0.2318  	1       	5       	3.41    	0.762824
9  	88    	0       	0.743011	0.584267	0.261313	1       	5       	3.37    	0.820427
10 	89    	0       	0.75046 	0.598646	0.24681 	1       	5       	3.43    	0.863192
11 	89    	0       	0.75046 	0.658925	0.161795	1       	5       	3.38    	0.821949
12 	93    	0       	0.75046 	0.65042 	0.186595	1       	5       	3.53    	0.805667
13 	95    	0       	0.75046 	0.619349	0.225302	1       	5       	3.45    	0.779423
14 	90    	0       	0.75046 	0.617906	0.235355	2       	5       	3.58    	0.635295
15 	93    	0       	0.75046 	0.612532	0.234459	2       	5       	3.65    	0.653835
16 	92    	0       	0.75046 	0.577404	0.276204	2       	5       	3.67    	0.721873
17 	87    	0       	0.75046 	0.598037	0.24238 	2       	5       	3.56    	0.828493
18 	89    	0       	0.75046 	0.611469	0.228046	1       	5       	3.8     	0.748331
19 	97    	0       	0.75046 	0.582917	0.25267 	1       	5       	3.79    	0.816027
20 	92    	0       	0.75046 	0.588717	0.239747	1       	5       	3.72    	0.788416
21 	89    	0       	0.75046 	0.583338	0.253907	1       	5       	3.82    	0.804736
22 	92    	0       	0.75046 	0.560052	0.271269	1       	5       	3.52    	0.910824
23 	95    	0       	0.75046 	0.605266	0.225582	1       	5       	3.48    	0.964158
24 	95    	0       	0.75046 	0.634978	0.208343	1       	5       	3.46    	0.887919
25 	94    	0       	0.75046 	0.592763	0.257021	1       	5       	3.46    	0.899111
26 	92    	0       	0.75046 	0.54721 	0.29613 	1       	5       	3.57    	0.863192
27 	91    	0       	0.75046 	0.539561	0.29344 	1       	5       	3.48    	0.830422
28 	96    	0       	0.75046 	0.547115	0.275498	1       	5       	3.58    	0.896437
29 	95    	0       	0.75046 	0.524073	0.288246	1       	5       	3.5     	0.964365
30 	95    	0       	0.75046 	0.508975	0.295576	1       	5       	3.57    	0.886059
31 	98    	0       	0.75046 	0.517849	0.297553	1       	5       	3.58    	0.896437
32 	96    	0       	0.75046 	0.519825	0.296855	1       	5       	3.44    	0.930806
33 	91    	0       	0.75046 	0.550753	0.27507 	1       	5       	3.36    	0.922171
34 	98    	0       	0.75046 	0.557501	0.254795	1       	5       	3.27    	0.957653
35 	93    	0       	0.75046 	0.59749 	0.23942 	1       	5       	3.23    	1.00851 
36 	95    	0       	0.75046 	0.594542	0.239602	1       	5       	3.29    	1.05162 
37 	90    	0       	0.75046 	0.543584	0.287096	1       	5       	3.24    	1.04038 
38 	90    	0       	0.75046 	0.563968	0.277824	2       	5       	3.26    	1.03557 
39 	95    	0       	0.75046 	0.523508	0.293822	1       	5       	3.29    	1.08899 
40 	94    	0       	0.75046 	0.518204	0.279021	1       	5       	3.25    	1.07121 
41 	96    	0       	0.75046 	0.510035	0.289745	1       	5       	3.31    	1.18064 
42 	96    	0       	0.752673	0.508205	0.281112	1       	5       	3.29    	1.07047 
43 	96    	0       	0.752673	0.530497	0.27498 	1       	5       	3.43    	1.06071 
44 	98    	0       	0.752673	0.504151	0.28479 	1       	5       	3.47    	1.05314 
45 	98    	0       	0.752673	0.503968	0.278605	1       	5       	3.55    	0.973396
46 	95    	0       	0.752673	0.541492	0.265458	1       	5       	3.43    	1.09777 
47 	95    	0       	0.752673	0.544591	0.273678	1       	5       	3.58    	1.0018  
48 	99    	0       	0.752673	0.528817	0.274161	1       	5       	3.61    	0.915369
49 	96    	0       	0.752673	0.524278	0.279473	1       	5       	3.54    	1.08093 
50 	98    	0       	0.752673	0.563376	0.256376	1       	5       	3.44    	1.09836 
51 	95    	0       	0.752673	0.510749	0.281516	1       	5       	3.5     	1.04403 
52 	99    	0       	0.752734	0.463744	0.31119 	1       	5       	3.36    	1.0346  
53 	95    	0       	0.752734	0.529444	0.282818	1       	5       	3.16    	1.01705 
54 	94    	0       	0.752734	0.512683	0.2827  	2       	5       	3.27    	0.914932
55 	92    	0       	0.752734	0.577661	0.237007	1       	5       	3.32    	0.97857 
56 	97    	0       	0.752734	0.526825	0.280257	1       	5       	3.26    	0.923255
57 	94    	0       	0.752734	0.576189	0.26024 	1       	5       	3.22    	0.878408
58 	94    	0       	0.752734	0.585866	0.246898	2       	5       	3.21    	0.803679
59 	94    	0       	0.752734	0.584526	0.24612 	2       	5       	3.34    	0.851117
60 	90    	0       	0.752734	0.569619	0.259912	2       	5       	3.44    	0.886792
61 	92    	0       	0.752734	0.546628	0.27371 	1       	5       	3.45    	0.876071
62 	95    	0       	0.752734	0.57267 	0.259266	1       	5       	3.4     	0.824621
63 	89    	0       	0.752734	0.559883	0.264565	2       	5       	3.5     	0.830662
64 	98    	0       	0.752673	0.605   	0.22671 	1       	5       	3.36    	0.854634
65 	94    	0       	0.752673	0.548361	0.288369	1       	5       	3.5     	0.888819
66 	93    	0       	0.752673	0.530764	0.289183	1       	5       	3.5     	0.932738
67 	96    	0       	0.752673	0.528067	0.276007	1       	5       	3.44    	0.972831
68 	95    	0       	0.752673	0.514074	0.290831	1       	5       	3.49    	0.994937
69 	95    	0       	0.752673	0.481873	0.315437	1       	5       	3.63    	1.05504 
70 	93    	0       	0.752673	0.501267	0.317629	2       	5       	3.56    	0.993177
71 	97    	0       	0.752673	0.537175	0.292869	1       	5       	3.35    	0.952628
72 	98    	0       	0.752673	0.609097	0.214968	1       	5       	3.4     	0.989949
73 	95    	0       	0.752673	0.600064	0.248321	1       	5       	3.57    	0.919293
74 	95    	0       	0.752673	0.582291	0.260947	1       	5       	3.61    	0.958071
75 	95    	0       	0.752673	0.53871 	0.285289	1       	5       	3.75    	0.983616
76 	94    	0       	0.752673	0.554114	0.27611 	1       	5       	3.46    	1.06226 
77 	90    	0       	0.752673	0.584722	0.26214 	1       	5       	3.53    	0.921466
78 	97    	0       	0.75046 	0.504515	0.306056	1       	5       	3.61    	0.926229
79 	92    	0       	0.75046 	0.493265	0.307462	1       	5       	3.77    	0.957653
80 	97    	0       	0.75046 	0.507931	0.306646	1       	5       	3.86    	0.872009
81 	95    	0       	0.75046 	0.532008	0.283077	2       	5       	3.96    	0.811419
82 	95    	0       	0.75046 	0.515803	0.284312	2       	5       	3.93    	0.940798
83 	97    	0       	0.75046 	0.504123	0.292162	2       	5       	3.86    	1.03942 
84 	96    	0       	0.75046 	0.54307 	0.287228	1       	5       	3.86    	1.0002  
85 	97    	0       	0.752734	0.571854	0.252672	1       	5       	3.75    	1.07121 
86 	97    	0       	0.75046 	0.582698	0.261759	1       	5       	3.95    	0.90967 
87 	97    	0       	0.75046 	0.472997	0.329431	1       	5       	3.89    	0.84729 
--- 3600.9979660511017 sec ---
