   	      	                        fitness                         	                          size                          
   	      	--------------------------------------------------------	--------------------------------------------------------
gen	nevals	min     	max     	avg     	std     	min     	max     	avg     	std     
0  	100   	0       	0.774189	0.444563	0.240179	1       	5       	2.92    	1.03615 
1  	95    	0       	0.774189	0.545977	0.159093	1       	5       	2.95    	0.963068
2  	94    	0       	0.774189	0.591337	0.161087	1       	4       	2.93    	0.839702
3  	94    	0       	0.774189	0.601286	0.204659	1       	4       	3.11    	0.84729 
4  	94    	0       	0.774189	0.639769	0.189631	1       	5       	3.12    	0.874986
5  	93    	0       	0.774189	0.654681	0.189765	1       	5       	3.08    	0.901998
6  	96    	0       	0.7751  	0.318781	0.360997	1       	5       	3.07    	0.897274
--- 43247.425933122635 sec ---
