   	      	                        fitness                         	                          size                          
   	      	--------------------------------------------------------	--------------------------------------------------------
gen	nevals	min     	max     	avg     	std     	min     	max     	avg     	std     
0  	100   	0       	0.744259	0.266583	0.241621	1       	5       	2.57    	1.14241 
1  	94    	0       	0.744259	0.350691	0.215995	1       	5       	2.32    	1.12143 
2  	92    	0       	0.744259	0.421731	0.189998	1       	5       	2.58    	1.05052 
3  	96    	0       	0.744259	0.444331	0.20392 	1       	5       	2.81    	1.0459  
4  	91    	0       	0.779074	0.482304	0.205499	1       	5       	3.01    	1.03436 
5  	91    	0       	0.779074	0.527865	0.19083 	1       	5       	2.92    	0.996795
6  	96    	0       	0.779074	0.53488 	0.219506	1       	5       	2.94    	0.98813 
7  	93    	0       	0.779074	0.580341	0.20469 	1       	5       	2.8     	1.0583  
8  	93    	0       	0.779074	0.614513	0.201639	1       	5       	2.74    	1.01607 
9  	90    	0       	0.779074	0.603463	0.216754	1       	5       	2.98    	1.08609 
10 	88    	0       	0.779074	0.612311	0.226472	1       	5       	2.83    	1.05882 
11 	96    	0       	0.779074	0.642783	0.186872	1       	5       	2.51    	0.974628
12 	94    	0       	0.779074	0.63763 	0.210969	1       	5       	2.61    	1.03822 
13 	94    	0       	0.800741	0.659935	0.167953	1       	5       	2.56    	0.897998
14 	94    	0       	0.800741	0.620465	0.236639	1       	5       	2.63    	0.955563
15 	88    	0       	0.800741	0.619141	0.225898	1       	5       	2.64    	0.985089
16 	88    	0       	0.800741	0.614611	0.235157	1       	5       	2.57    	0.940798
17 	94    	0       	0.800741	0.651239	0.190872	1       	5       	2.6     	1.0198  
18 	87    	0       	0.800741	0.63828 	0.206187	1       	5       	2.52    	1.04384 
19 	85    	0       	0.800741	0.631248	0.223062	1       	4       	2.48    	0.964158
20 	94    	0       	0.800741	0.649196	0.200099	1       	5       	2.5     	0.964365
21 	89    	0       	0.800741	0.667767	0.158703	1       	5       	2.48    	0.95373 
22 	92    	0       	0.800741	0.630152	0.204011	1       	5       	2.46    	1.00419 
23 	89    	0       	0.800741	0.642915	0.194483	1       	4       	2.58    	0.94    
24 	86    	0       	0.800741	0.664274	0.19787 	1       	4       	2.56    	0.909065
25 	88    	0       	0.800741	0.642263	0.21937 	1       	5       	2.64    	1.04422 
26 	84    	0       	0.800741	0.688311	0.160579	1       	5       	2.57    	1.01247 
27 	80    	0       	0.800741	0.679991	0.166925	1       	5       	2.35    	0.952628
28 	89    	0       	0.800741	0.654522	0.221163	1       	4       	2.47    	1.00454 
29 	85    	0       	0.800741	0.602191	0.26035 	1       	5       	2.81    	1.11081 
30 	87    	0       	0.800741	0.616328	0.253331	1       	5       	2.96    	1.07629 
31 	89    	0       	0.800741	0.645267	0.211304	1       	4       	2.92    	1.05527 
32 	90    	0       	0.800741	0.654981	0.199763	1       	5       	2.9     	1.08167 
33 	91    	0       	0.800741	0.627733	0.223379	1       	5       	2.88    	1.05148 
34 	94    	0       	0.800741	0.6371  	0.222644	1       	5       	3.07    	0.886059
35 	87    	0       	0.800741	0.639315	0.213078	1       	5       	2.99    	0.842556
36 	93    	0       	0.800741	0.674007	0.176917	1       	5       	3.07    	0.851528
37 	91    	0       	0.800741	0.665004	0.184814	1       	5       	2.88    	0.886341
38 	93    	0       	0.800741	0.646126	0.211516	1       	5       	3       	0.774597
39 	83    	0       	0.800741	0.618439	0.241039	1       	5       	3.05    	0.84113 
40 	87    	0       	0.800741	0.63432 	0.195133	1       	5       	2.97    	0.853874
41 	81    	0       	0.800741	0.657322	0.175925	1       	4       	2.76    	0.873155
42 	83    	0       	0.800741	0.631894	0.217508	1       	5       	2.89    	0.958071
43 	87    	0       	0.800741	0.650491	0.198893	1       	4       	2.75    	0.90967 
44 	84    	0       	0.800741	0.651196	0.192814	1       	5       	2.96    	0.926499
45 	94    	0       	0.800741	0.634163	0.203785	1       	5       	2.93    	1.00255 
46 	87    	0       	0.800741	0.664687	0.177466	1       	5       	2.73    	0.978315
47 	88    	0       	0.800741	0.621907	0.239019	1       	5       	2.73    	0.968039
48 	94    	0       	0.800741	0.647128	0.211425	1       	5       	2.8     	0.938083
49 	91    	0       	0.800741	0.644961	0.201915	1       	5       	2.82    	0.864639
50 	86    	0       	0.800741	0.66118 	0.190005	1       	4       	2.87    	0.673127
51 	91    	0       	0.800741	0.667807	0.172408	1       	5       	2.85    	0.71239 
52 	88    	0       	0.800741	0.63572 	0.233821	2       	5       	3.05    	0.653835
53 	92    	0       	0.800741	0.628691	0.242131	1       	5       	3.06    	0.71861 
54 	95    	0       	0.800741	0.638937	0.20346 	1       	5       	3.07    	0.777882
55 	92    	0       	0.800741	0.622046	0.233531	2       	5       	3.05    	0.622495
56 	93    	0       	0.800741	0.658102	0.206918	2       	5       	3.03    	0.684909
57 	93    	0       	0.800741	0.650115	0.201702	2       	5       	2.96    	0.691665
58 	93    	0       	0.800741	0.6265  	0.23545 	2       	5       	2.91    	0.69419 
59 	91    	0       	0.800741	0.653778	0.174074	2       	5       	2.92    	0.744043
60 	92    	0       	0.800741	0.615411	0.222118	1       	5       	2.74    	0.82    
61 	87    	0       	0.800741	0.64388 	0.213399	1       	5       	2.81    	0.783518
62 	88    	0       	0.800741	0.601757	0.255695	1       	5       	2.89    	0.870575
63 	95    	0       	0.800741	0.568431	0.265677	1       	5       	2.88    	0.863481
64 	90    	0       	0.800741	0.610922	0.215316	1       	5       	2.77    	0.870115
65 	92    	0       	0.800741	0.631522	0.193819	1       	4       	2.71    	0.828191
66 	91    	0       	0.800741	0.667552	0.183736	1       	5       	2.69    	0.868274
67 	93    	0       	0.800741	0.644441	0.203554	1       	5       	2.77    	0.968039
68 	88    	0       	0.800741	0.618954	0.239238	1       	5       	2.82    	0.804736
69 	96    	0       	0.800741	0.641585	0.206557	1       	5       	2.68    	0.785875
70 	87    	0       	0.800741	0.62777 	0.222265	1       	5       	2.75    	0.829156
71 	90    	0       	0.800741	0.62293 	0.209649	1       	4       	2.72    	0.825591
72 	91    	0       	0.800741	0.653789	0.177852	1       	5       	2.68    	0.810925
73 	87    	0       	0.800741	0.604287	0.245258	1       	5       	2.77    	0.834925
74 	89    	0       	0.800741	0.63425 	0.215027	1       	4       	2.77    	0.732871
75 	88    	0       	0.800741	0.634676	0.200309	1       	5       	2.82    	0.804736
76 	93    	0       	0.800741	0.646465	0.21764 	1       	5       	2.81    	0.833007
77 	91    	0       	0.800741	0.640013	0.216478	1       	5       	2.62    	0.809691
78 	89    	0       	0.800741	0.641346	0.220347	1       	5       	2.69    	0.730685
79 	83    	0       	0.800741	0.653809	0.206453	1       	5       	2.73    	0.719097
80 	90    	0       	0.800741	0.647748	0.184103	1       	4       	2.72    	0.679412
81 	89    	0       	0.800741	0.651707	0.176137	1       	5       	2.75    	0.726292
82 	87    	0       	0.800741	0.633909	0.217537	1       	5       	2.83    	0.800687
83 	82    	0       	0.800741	0.660681	0.185823	1       	5       	2.65    	0.792149
84 	87    	0       	0.800741	0.657628	0.177583	1       	5       	2.6     	0.787401
85 	82    	0       	0.800741	0.64777 	0.178681	1       	5       	2.56    	0.875443
86 	88    	0       	0.800741	0.583165	0.266562	1       	5       	2.49    	0.888763
87 	83    	0       	0.800741	0.623344	0.228421	1       	4       	2.34    	0.710211
88 	84    	0       	0.800741	0.663817	0.176298	1       	5       	2.33    	0.800687
89 	84    	0       	0.800741	0.661937	0.184042	1       	5       	2.27    	0.772722
90 	85    	0       	0.800741	0.642859	0.217166	1       	5       	2.5     	0.921954
91 	86    	0       	0.800741	0.650437	0.217585	1       	5       	2.57    	0.982395
92 	87    	0       	0.800741	0.665941	0.183567	1       	5       	2.52    	0.921737
93 	84    	0       	0.800741	0.648141	0.216877	1       	5       	2.57    	1.01247 
94 	86    	0       	0.800741	0.670078	0.200942	1       	5       	2.52    	0.932523
95 	86    	0       	0.800741	0.671226	0.201213	1       	5       	2.45    	0.817007
96 	79    	0       	0.800741	0.654557	0.212656	1       	5       	2.6     	0.969536
97 	77    	0       	0.800741	0.663767	0.193794	1       	5       	2.47    	0.83012 
98 	90    	0       	0.800741	0.621067	0.235669	2       	5       	2.72    	0.928224
99 	84    	0       	0.800741	0.658526	0.19349 	1       	5       	2.55    	0.852936
100	84    	0       	0.800741	0.669931	0.163218	1       	4       	2.49    	0.727942
--- 5361.910814285278 sec ---
