   	      	                        fitness                         	                          size                          
   	      	--------------------------------------------------------	--------------------------------------------------------
gen	nevals	min     	max     	avg     	std     	min     	max     	avg     	std     
0  	100   	0       	0.95593 	0.333338	0.336194	1       	5       	2.8     	1.22474 
1  	98    	0       	0.985268	0.485004	0.32616 	1       	5       	2.68    	1.21557 
2  	95    	0       	0.999633	0.535305	0.35667 	1       	5       	2.56    	1.19432 
3  	98    	0       	0.999753	0.624886	0.333814	1       	5       	2.8     	1.24097 
4  	97    	0       	0.999753	0.657644	0.323795	1       	5       	2.91    	1.14974 
5  	96    	0       	0.999753	0.665073	0.334909	1       	5       	2.93    	1.10684 
6  	93    	0       	0.999753	0.506717	0.421406	1       	5       	2.83    	1.05882 
--- 21697.852618932724 sec ---
