   	      	                        fitness                         	                          size                          
   	      	--------------------------------------------------------	--------------------------------------------------------
gen	nevals	min     	max     	avg     	std     	min     	max     	avg     	std     
0  	100   	0       	0.773227	0.382451	0.277325	1       	5       	2.65    	1.17792 
1  	94    	0       	0.773227	0.506207	0.231435	1       	5       	2.52    	1.14438 
2  	96    	0       	0.783995	0.529697	0.223855	1       	5       	2.58    	1.13296 
3  	95    	0       	0.794636	0.570348	0.228866	1       	5       	2.76    	1.05943 
4  	95    	0       	0.794636	0.599135	0.197389	1       	5       	2.86    	0.990152
5  	93    	0       	0.794636	0.65988 	0.142761	1       	5       	2.59    	0.990909
6  	90    	0       	0.794636	0.433231	0.345533	1       	5       	2.65    	0.90967 
--- 43351.667511701584 sec ---
