   	      	                        fitness                         	                          size                          
   	      	--------------------------------------------------------	--------------------------------------------------------
gen	nevals	min     	max     	avg     	std     	min     	max     	avg     	std     
0  	100   	0       	0.991367	0.550129	0.416273	1       	4       	2.7     	1.04403 
1  	86    	0       	0.991367	0.753506	0.319772	1       	5       	2.8     	1.10454 
2  	89    	0       	0.991367	0.840373	0.256579	1       	4       	2.62    	1.08425 
3  	82    	0       	0.99231 	0.875897	0.238921	1       	4       	2.6     	1.03923 
4  	82    	0       	0.99231 	0.906925	0.219066	1       	4       	2.59    	1.00095 
5  	73    	0       	0.99231 	0.902549	0.23455 	1       	5       	2.65    	1.07121 
6  	57    	0       	0.99231 	0.684453	0.441025	1       	5       	2.66    	1.0509  
--- 3614.8657760620117 sec ---
