   	      	                        fitness                         	                          size                          
   	      	--------------------------------------------------------	--------------------------------------------------------
gen	nevals	min     	max     	avg     	std     	min     	max     	avg     	std     
0  	100   	0       	0.988351	0.568457	0.399407	1       	5       	2.81    	1.0742  
1  	82    	0       	0.988351	0.745098	0.301886	1       	4       	2.71    	1.07047 
2  	74    	0       	0.988401	0.843048	0.222857	1       	4       	2.55    	1.08051 
3  	80    	0       	0.989047	0.837851	0.27619 	1       	5       	2.4     	1.0583  
4  	81    	0       	0.989047	0.880256	0.250264	1       	5       	2.41    	1.08715 
5  	74    	0       	0.989047	0.901711	0.230308	1       	4       	2.15    	0.983616
6  	60    	0       	0.991839	0.569779	0.476318	1       	4       	2.08    	0.868101
--- 3605.2462108135223 sec ---
