   	      	                        fitness                         	                          size                          
   	      	--------------------------------------------------------	--------------------------------------------------------
gen	nevals	min     	max     	avg     	std     	min     	max     	avg     	std     
0  	100   	0       	0.573287	0.184459	0.197299	1       	5       	2.91    	1.12334 
1  	67    	0       	0.573287	0.305538	0.197487	1       	5       	2.48    	1.20399 
2  	74    	0       	0.591821	0.380173	0.166163	1       	5       	2.43    	1.20212 
3  	79    	0       	0.591821	0.432429	0.153554	1       	5       	2.6     	1.21655 
4  	78    	0       	0.591821	0.451657	0.157274	1       	5       	2.7     	1.1619  
5  	80    	0       	0.591821	0.43674 	0.188076	1       	5       	2.53    	1.10865 
6  	82    	0       	0.591821	0.477277	0.145299	1       	5       	2.5     	1.17047 
7  	76    	0       	0.591821	0.468083	0.167547	1       	4       	2.35    	1.11692 
8  	87    	0       	0.591821	0.454552	0.185408	1       	5       	2.77    	1.1389  
9  	72    	0       	0.591821	0.431253	0.212475	1       	5       	2.66    	1.19348 
10 	68    	0       	0.591821	0.481187	0.175876	1       	5       	2.57    	1.1769  
11 	68    	0       	0.594038	0.460813	0.205332	1       	5       	2.38    	1.04671 
12 	65    	0       	0.594038	0.483022	0.175354	1       	5       	2.38    	1.05622 
13 	63    	0       	0.594038	0.502646	0.169139	1       	4       	2.14    	0.927577
14 	46    	0       	0.594038	0.539389	0.134939	1       	4       	2.07    	0.827708
15 	60    	0       	0.594038	0.531245	0.138503	1       	4       	2.11    	0.859011
16 	59    	0       	0.594038	0.520097	0.163324	1       	5       	2.16    	0.796492
17 	59    	0       	0.594038	0.512666	0.170241	1       	4       	2.13    	0.783007
18 	48    	0       	0.594038	0.553741	0.115281	1       	4       	2.19    	0.757562
19 	49    	0       	0.594038	0.557159	0.102284	1       	4       	2.21    	0.73885 
20 	54    	0       	0.594038	0.513611	0.188569	1       	5       	2.33    	0.825288
21 	51    	0       	0.594038	0.550821	0.126385	1       	4       	2.15    	0.653835
22 	67    	0       	0.594038	0.518032	0.180561	1       	4       	2.25    	0.668954
23 	46    	0       	0.594038	0.550038	0.135453	1       	5       	2.3     	0.685565
24 	55    	0       	0.594038	0.523045	0.185465	1       	5       	2.3     	0.608276
25 	53    	0       	0.594038	0.538181	0.156496	1       	5       	2.23    	0.545069
26 	59    	0       	0.596998	0.541026	0.137141	1       	4       	2.24    	0.51225 
27 	60    	0       	0.596998	0.515833	0.171093	1       	4       	2.21    	0.534696
28 	54    	0       	0.596998	0.533645	0.155242	1       	4       	2.23    	0.645833
29 	54    	0       	0.596998	0.534224	0.161742	1       	4       	2.2     	0.583095
30 	52    	0       	0.596998	0.544092	0.138532	1       	4       	2.28    	0.601332
31 	63    	0       	0.596998	0.552428	0.121089	1       	4       	2.21    	0.475289
32 	54    	0       	0.596998	0.554837	0.134906	1       	4       	2.19    	0.462493
33 	52    	0       	0.596998	0.569352	0.10881 	2       	4       	2.15    	0.384057
34 	62    	0       	0.596998	0.540619	0.146376	1       	4       	2.17    	0.470213
35 	56    	0       	0.596998	0.527435	0.167743	1       	4       	2.19    	0.523355
36 	42    	0       	0.596998	0.563028	0.116537	1       	4       	2.17    	0.470213
37 	35    	0       	0.596998	0.547797	0.135672	1       	4       	2.18    	0.517301
38 	36    	0       	0.596998	0.550495	0.134007	1       	4       	2.06    	0.369324
39 	28    	0       	0.596998	0.530668	0.171095	2       	4       	2.2     	0.547723
40 	29    	0       	0.596998	0.529898	0.174251	2       	4       	2.09    	0.319218
41 	23    	0       	0.596998	0.551906	0.144988	2       	4       	2.1     	0.43589 
42 	32    	0       	0.596998	0.566149	0.098832	1       	4       	2.05    	0.357071
43 	22    	0       	0.596998	0.533745	0.16275 	1       	4       	2.18    	0.572364
44 	22    	0       	0.596998	0.557683	0.124159	1       	4       	2.1     	0.458258
45 	29    	0       	0.596998	0.53128 	0.1641  	1       	4       	2.1     	0.458258
46 	27    	0       	0.597683	0.539778	0.142549	2       	4       	2.23    	0.580603
47 	30    	0       	0.597683	0.533153	0.165119	2       	4       	2.19    	0.542125
48 	39    	0       	0.597683	0.535278	0.156042	1       	4       	2.17    	0.600916
49 	25    	0       	0.597683	0.568633	0.102696	1       	4       	2.14    	0.490306
50 	25    	0       	0.597683	0.562728	0.122925	1       	4       	2.14    	0.469468
51 	29    	0       	0.597683	0.548183	0.141578	2       	5       	2.33    	0.679043
52 	31    	0       	0.597683	0.569778	0.0955781	1       	4       	2.22    	0.592959
53 	34    	0       	0.597683	0.552484	0.136705 	1       	4       	2.28    	0.649307
54 	33    	0       	0.597683	0.549894	0.144996 	2       	4       	2.44    	0.752596
55 	33    	0       	0.597683	0.561279	0.132313 	1       	4       	2.33    	0.707884
56 	38    	0       	0.597683	0.558415	0.132328 	2       	4       	2.37    	0.673127
57 	38    	0       	0.597683	0.549259	0.14605  	2       	4       	2.37    	0.673127
58 	41    	0       	0.597683	0.542205	0.154944 	1       	4       	2.38    	0.689638
59 	40    	0       	0.597683	0.550838	0.135243 	1       	4       	2.35    	0.68374 
60 	51    	0       	0.606657	0.509517	0.197843 	1       	5       	2.51    	0.842556
61 	37    	0       	0.606657	0.525775	0.17486  	1       	4       	2.33    	0.749066
62 	40    	0       	0.606657	0.540544	0.146706 	1       	4       	2.32    	0.705408
63 	50    	0       	0.606657	0.536527	0.155141 	2       	5       	2.5     	0.830662
64 	44    	0       	0.606657	0.528999	0.164576 	1       	4       	2.46    	0.829699
65 	32    	0.381292	0.606657	0.582196	0.0427089	2       	4       	2.32    	0.691086
66 	41    	0       	0.606657	0.525999	0.176385 	1       	4       	2.33    	0.721873
67 	40    	0       	0.606657	0.530751	0.156177 	1       	4       	2.19    	0.560268
68 	50    	0       	0.606657	0.530223	0.158531 	1       	4       	2.22    	0.641561
69 	29    	0       	0.606657	0.552471	0.125711 	1       	4       	2.15    	0.47697 
70 	27    	0       	0.606657	0.561321	0.123887 	2       	4       	2.07    	0.291719
71 	35    	0       	0.606657	0.55307 	0.131983 	1       	4       	2.03    	0.298496
72 	40    	0       	0.606657	0.555844	0.119524 	1       	4       	2.09    	0.449333
73 	33    	0       	0.606657	0.545035	0.147315 	1       	4       	2.18    	0.572364
74 	50    	0       	0.606657	0.536384	0.152448 	1       	4       	2.09    	0.426497
75 	40    	0       	0.606657	0.53657 	0.158339 	2       	5       	2.12    	0.49558 
76 	41    	0       	0.606657	0.545907	0.145082 	1       	4       	2.06    	0.44317 
77 	41    	0       	0.606657	0.544097	0.138208 	1       	4       	2.07    	0.38092 
78 	33    	0       	0.606657	0.568963	0.0994784	1       	5       	2.04    	0.397995
79 	28    	0       	0.606657	0.55119 	0.139959 	1       	4       	2.07    	0.430232
80 	36    	0       	0.606657	0.555063	0.129998 	1       	4       	2.06    	0.42    
81 	38    	0       	0.606657	0.447243	0.253936 	1       	4       	2.07    	0.406325
--- 3600.282815694809 sec ---
