   	      	                        fitness                         	                          size                          
   	      	--------------------------------------------------------	--------------------------------------------------------
gen	nevals	min     	max     	avg     	std     	min     	max     	avg     	std     
0  	100   	0       	0.937493	0.499106	0.367604	1       	5       	2.65    	1.17792 
1  	97    	0       	0.937493	0.649174	0.320507	1       	5       	2.63    	1.11045 
2  	95    	0       	0.937493	0.731351	0.265974	1       	5       	2.6     	1       
3  	94    	0       	0.937493	0.76891 	0.258216	1       	5       	2.53    	1.10865 
4  	90    	0       	0.93806 	0.790442	0.276311	1       	5       	2.2     	1.02956 
5  	97    	0       	0.93806 	0.789982	0.265743	1       	5       	2.15    	1.13468 
6  	97    	0       	0.93806 	0.791889	0.291916	1       	5       	2.2     	1.2     
7  	97    	0       	0.93806 	0.777202	0.313386	1       	5       	2.25    	1.27574 
8  	90    	0       	0.939818	0.833561	0.248613	1       	5       	2.14    	1.26507 
9  	87    	0       	0.944583	0.853511	0.208716	1       	5       	1.88    	1.10707 
10 	96    	0       	0.944583	0.855282	0.209504	1       	4       	1.87    	0.901721
11 	93    	0       	0.944583	0.844905	0.183884	1       	5       	2.07    	1.03204 
12 	94    	0       	0.944583	0.84679 	0.233214	1       	5       	2.08    	1.04575 
13 	93    	0       	0.947022	0.811359	0.278482	1       	4       	2.16    	0.997196
14 	98    	0       	0.947022	0.813299	0.277467	1       	5       	2.2     	0.969536
15 	97    	0       	0.947022	0.835478	0.227388	1       	4       	2.33    	0.938669
16 	95    	0       	0.947022	0.844767	0.228126	1       	4       	2.56    	0.92    
17 	95    	0       	0.947022	0.887914	0.144561	1       	4       	2.53    	0.942921
18 	92    	0       	0.947022	0.878593	0.196719	1       	5       	2.79    	0.765441
19 	99    	0       	0.947022	0.896092	0.157824	1       	4       	2.89    	0.598247
20 	94    	0       	0.947022	0.892393	0.163709	1       	5       	3.02    	0.528772
21 	94    	0       	0.947022	0.863605	0.230396	1       	5       	3.06    	0.544426
--- 21618.154621839523 sec ---
