   	      	                        fitness                         	                          size                          
   	      	--------------------------------------------------------	--------------------------------------------------------
gen	nevals	min     	max     	avg     	std     	min     	max     	avg     	std     
0  	100   	0       	0.758267	0.202913	0.235372	1       	5       	2.65    	1.17792 
1  	98    	0       	0.763933	0.304573	0.242827	1       	5       	2.38    	1.05622 
2  	96    	0       	0.763933	0.365457	0.241177	1       	5       	2.32    	1.09435 
3  	95    	0       	0.763933	0.416984	0.251311	1       	5       	2.52    	1.14438 
4  	96    	0       	0.7788  	0.413564	0.269177	1       	5       	2.45    	1.12583 
5  	94    	0       	0.7788  	0.419339	0.267091	1       	4       	2.58    	1.06939 
6  	97    	0       	0.7788  	0.107933	0.228812	1       	5       	2.4     	1.06771 
--- 21601.169895648956 sec ---
