   	      	                        fitness                         	                          size                          
   	      	--------------------------------------------------------	--------------------------------------------------------
gen	nevals	min     	max     	avg     	std     	min     	max     	avg     	std     
0  	100   	0       	0.926326	0.472361	0.393148	1       	5       	2.74    	1.03557 
1  	84    	0       	0.926326	0.70186 	0.312787	1       	4       	2.52    	1.09069 
2  	77    	0       	0.926326	0.799477	0.207567	1       	4       	2.58    	1.06939 
3  	80    	0       	0.928772	0.775779	0.27275 	1       	5       	2.64    	1.1876  
4  	79    	0       	0.928772	0.8382  	0.22278 	1       	5       	2.32    	1.16516 
5  	81    	0       	0.928772	0.854364	0.191819	1       	5       	2.16    	1.0837  
6  	74    	0       	0.930637	0.660934	0.401763	1       	5       	2.04    	1.06696 
--- 3657.8013401031494 sec ---
