   	      	                        fitness                         	                          size                          
   	      	--------------------------------------------------------	--------------------------------------------------------
gen	nevals	min     	max     	avg     	std     	min     	max     	avg     	std     
0  	100   	0       	0.740587	0.392199	0.267813	1       	5       	2.91    	1.12334 
1  	92    	0       	0.740587	0.495904	0.223534	1       	5       	2.68    	1.20731 
2  	94    	0       	0.821342	0.524577	0.203775	1       	5       	2.54    	1.25236 
3  	99    	0       	0.821342	0.552886	0.173849	1       	5       	2.65    	1.16082 
4  	88    	0       	0.822414	0.560142	0.187954	1       	5       	2.59    	1.09631 
5  	91    	0       	0.841128	0.259789	0.314571	1       	5       	2.61    	1.07606 
--- 3619.745505809784 sec ---
