   	      	                        fitness                         	                          size                          
   	      	--------------------------------------------------------	--------------------------------------------------------
gen	nevals	min     	max     	avg     	std     	min     	max     	avg     	std     
0  	100   	0       	0.513418	0.175798	0.145119	1       	5       	2.69    	1.28604 
1  	75    	0       	0.513418	0.223784	0.146574	1       	5       	2.43    	1.22683 
2  	79    	0       	0.513418	0.26323 	0.116734	1       	4       	2.28    	1.11427 
3  	78    	0       	0.513418	0.290145	0.107394	1       	5       	2.17    	1.06822 
4  	71    	0       	0.521789	0.321295	0.109278	1       	4       	1.96    	0.96871 
5  	83    	0       	0.521789	0.34642 	0.125058	1       	5       	2.21    	1.07977 
6  	69    	0       	0.526011	0.361439	0.123761	1       	4       	2.14    	0.848764
7  	79    	0       	0.526011	0.400723	0.10435 	1       	4       	2.25    	0.89861 
8  	74    	0       	0.526011	0.419857	0.106714	1       	4       	2.3     	0.9     
9  	73    	0       	0.526011	0.421109	0.128036	1       	4       	2.36    	0.81878 
10 	78    	0       	0.526011	0.400613	0.143863	1       	5       	2.59    	0.895489
11 	73    	0       	0.526011	0.421283	0.13403 	1       	5       	2.58    	0.885212
12 	67    	0       	0.526011	0.433905	0.129123	1       	4       	2.7     	0.74162 
13 	78    	0       	0.526011	0.419115	0.144201	1       	5       	2.6     	0.8     
14 	65    	0       	0.526011	0.416392	0.159503	1       	5       	2.79    	0.875157
15 	72    	0       	0.526011	0.425364	0.150249	1       	5       	2.6     	0.761577
16 	72    	0       	0.526011	0.468637	0.0829183	2       	5       	2.81    	0.879716
17 	70    	0       	0.526011	0.435983	0.136965 	1       	5       	2.92    	0.856505
18 	64    	0       	0.526011	0.44021 	0.132259 	1       	5       	2.94    	0.810185
19 	65    	0       	0.526011	0.463357	0.110017 	1       	5       	3.06    	0.797747
20 	66    	0       	0.526011	0.441713	0.133597 	1       	4       	2.92    	0.783326
21 	66    	0       	0.526011	0.457197	0.122711 	1       	5       	2.96    	0.835703
22 	65    	0       	0.526011	0.438885	0.147534 	1       	5       	3.01    	0.854342
23 	61    	0       	0.526011	0.450094	0.122097 	1       	5       	3.07    	0.839702
24 	59    	0       	0.526011	0.439414	0.145699 	1       	5       	3.1     	0.888819
25 	56    	0       	0.526011	0.437869	0.150154 	1       	5       	3.09    	0.861336
26 	61    	0       	0.526011	0.451966	0.141931 	1       	5       	3.31    	0.924067
27 	57    	0       	0.526011	0.451976	0.141586 	2       	5       	3.27    	0.846818
28 	60    	0       	0.526011	0.446369	0.159483 	2       	5       	3.3     	0.768115
29 	56    	0       	0.526011	0.418019	0.178589 	2       	4       	3.11    	0.835404
30 	48    	0       	0.526011	0.452295	0.149716 	2       	4       	3.04    	0.798999
31 	52    	0       	0.526011	0.429449	0.175552 	2       	4       	2.99    	0.780961
32 	53    	0       	0.526011	0.448036	0.155261 	2       	4       	2.95    	0.753326
33 	61    	0       	0.526011	0.458638	0.126337 	1       	5       	3.02    	0.79975 
34 	65    	0       	0.526011	0.451668	0.138263 	2       	5       	3.1     	0.67082 
35 	57    	0       	0.526011	0.452262	0.145767 	1       	4       	3.12    	0.778203
36 	51    	0       	0.526011	0.453551	0.155646 	1       	5       	3.06    	0.810185
37 	72    	0       	0.526011	0.465228	0.140506 	2       	4       	2.91    	0.708449
38 	52    	0       	0.526011	0.437859	0.158595 	2       	4       	2.86    	0.735119
39 	57    	0       	0.526011	0.47056 	0.0994527	1       	4       	2.78    	0.769155
40 	55    	0       	0.526011	0.445614	0.151385 	2       	4       	2.97    	0.754387
41 	55    	0       	0.526011	0.470083	0.120474 	2       	4       	2.87    	0.702211
42 	66    	0       	0.526011	0.435152	0.163685 	1       	5       	2.92    	0.730479
43 	66    	0       	0.526011	0.450697	0.147515 	1       	5       	2.95    	0.739932
44 	55    	0       	0.526011	0.468675	0.126593 	1       	5       	3.01    	0.727942
45 	49    	0       	0.526011	0.452932	0.156075 	1       	4       	3.01    	0.754917
46 	55    	0       	0.526011	0.458066	0.139957 	1       	4       	2.99    	0.768049
47 	59    	0       	0.526011	0.43452 	0.174703 	2       	5       	3.04    	0.747262
48 	61    	0       	0.526011	0.442143	0.158498 	1       	4       	2.87    	0.730137
49 	53    	0       	0.526011	0.481711	0.104372 	1       	5       	2.86    	0.824864
50 	56    	0       	0.526011	0.45819 	0.141113 	1       	4       	2.81    	0.716868
51 	64    	0       	0.526011	0.4606  	0.133625 	2       	4       	2.69    	0.730685
52 	51    	0       	0.526011	0.46608 	0.121003 	1       	4       	2.6     	0.707107
53 	58    	0       	0.526011	0.459401	0.136171 	1       	4       	2.55    	0.68374 
54 	57    	0       	0.526011	0.462663	0.138624 	1       	4       	2.58    	0.723602
55 	52    	0       	0.526011	0.454549	0.155933 	2       	4       	2.58    	0.737292
56 	55    	0       	0.526011	0.472849	0.129916 	2       	5       	2.63    	0.687823
57 	57    	0       	0.526011	0.463257	0.13005  	1       	4       	2.65    	0.71239 
58 	57    	0       	0.526011	0.45092 	0.137749 	2       	4       	2.64    	0.793977
59 	48    	0       	0.526011	0.437024	0.159921 	1       	5       	2.75    	0.864581
60 	63    	0       	0.526011	0.464902	0.126235 	2       	4       	2.76    	0.81388 
61 	53    	0       	0.526011	0.462642	0.133464 	2       	4       	2.8     	0.812404
62 	67    	0       	0.526011	0.430958	0.170091 	1       	4       	2.66    	0.777432
63 	54    	0       	0.526011	0.454704	0.138004 	2       	4       	2.5     	0.640312
64 	57    	0       	0.526011	0.447552	0.139355 	1       	4       	2.54    	0.698856
65 	50    	0       	0.526011	0.463663	0.117545 	1       	4       	2.4     	0.648074
66 	51    	0       	0.526011	0.368115	0.228304 	1       	5       	2.35    	0.622495
--- 3600.1012489795685 sec ---
