   	      	                        fitness                         	                          size                          
   	      	--------------------------------------------------------	--------------------------------------------------------
gen	nevals	min     	max     	avg     	std     	min     	max     	avg     	std     
0  	100   	0       	1       	0.42515 	0.278966	1       	5       	2.79    	1.20246 
1  	84    	0       	1       	0.525832	0.243801	1       	5       	2.57    	1.23495 
2  	77    	0       	1       	0.601317	0.195805	1       	5       	2.51    	1.11799 
3  	76    	0       	1       	0.607857	0.232599	1       	5       	2.52    	1.10887 
4  	83    	0       	1       	0.67801 	0.222798	1       	4       	2.33    	1.01049 
5  	82    	0       	1       	0.666742	0.240878	1       	5       	2.48    	1.06283 
6  	75    	0       	1       	0.534158	0.378854	1       	5       	2.43    	1.04168 
--- 3690.88196349144 sec ---
