   	      	                        fitness                         	                          size                          
   	      	--------------------------------------------------------	--------------------------------------------------------
gen	nevals	min     	max     	avg     	std     	min     	max     	avg     	std     
0  	100   	0       	0.562299	0.207816	0.191898	1       	5       	2.69    	1.28604 
1  	95    	0       	0.572751	0.284422	0.196159	1       	5       	2.49    	1.22878 
2  	86    	0       	0.582227	0.335782	0.182666	1       	5       	2.32    	1.19063 
3  	96    	0       	0.585324	0.372899	0.184062	1       	5       	2.22    	1.17115 
4  	91    	0       	0.585324	0.423324	0.164478	1       	4       	2.25    	1.16082 
5  	92    	0       	0.591486	0.421432	0.195818	1       	5       	2.18    	1.16944 
6  	98    	0       	0.591486	0.395484	0.216664	1       	4       	2.23    	1.1735  
7  	96    	0       	0.591486	0.396174	0.216115	1       	4       	2.24    	1.17576 
8  	94    	0       	0.591486	0.424618	0.185591	1       	4       	2.27    	1.14765 
9  	95    	0       	0.591486	0.38709 	0.218852	1       	5       	2.35    	1.09886 
10 	87    	0       	0.591486	0.407985	0.218873	1       	5       	2.37    	1.14591 
11 	93    	0       	0.601935	0.412041	0.212963	1       	5       	2.3     	1.20416 
12 	93    	0       	0.601935	0.459866	0.181469	1       	5       	2.23    	1.09412 
13 	93    	0       	0.601935	0.425546	0.215741	1       	5       	2.51    	1.17894 
14 	91    	0       	0.601935	0.420131	0.224965	1       	5       	2.54    	1.21178 
15 	93    	0       	0.601935	0.38723 	0.235013	1       	5       	2.58    	1.24242 
16 	95    	0       	0.601935	0.419151	0.22787 	1       	5       	2.43    	1.26693 
17 	96    	0       	0.601935	0.440394	0.20892 	1       	5       	2.36    	1.22898 
18 	87    	0       	0.607958	0.463623	0.19396 	1       	5       	2.46    	1.13508 
19 	86    	0       	0.607958	0.498016	0.169014	1       	5       	2.58    	1.1241  
20 	96    	0       	0.607958	0.494563	0.165288	1       	5       	2.54    	1.20349 
21 	90    	0       	0.607958	0.493383	0.177522	1       	5       	2.6     	1.14018 
22 	84    	0       	0.611305	0.482882	0.195652	1       	5       	2.71    	1.1162  
23 	91    	0       	0.611305	0.490053	0.178758	1       	5       	2.84    	1.0837  
24 	85    	0       	0.612686	0.47034 	0.204861	1       	5       	2.94    	1.01804 
25 	84    	0       	0.613634	0.498383	0.170795	1       	5       	2.82    	0.973447
26 	90    	0       	0.613634	0.51307 	0.160324	1       	5       	2.69    	0.955981
27 	96    	0       	0.613634	0.514347	0.16176 	1       	5       	2.83    	0.788099
28 	87    	0       	0.613634	0.521921	0.14014 	1       	5       	2.99    	0.818474
29 	90    	0       	0.616072	0.513704	0.168467	1       	5       	3.01    	0.806164
30 	91    	0       	0.616072	0.490145	0.189999	1       	5       	3.02    	0.905318
31 	94    	0       	0.622942	0.51468 	0.154389	1       	5       	2.85    	0.983616
32 	91    	0       	0.622942	0.500656	0.184957	1       	5       	2.97    	1.02426 
33 	92    	0       	0.622942	0.514387	0.163534	1       	5       	2.94    	1.0938  
34 	84    	0       	0.622942	0.485677	0.201739	1       	5       	2.82    	0.96312 
35 	88    	0       	0.622942	0.537161	0.139916	1       	4       	2.72    	0.917388
36 	87    	0       	0.622942	0.480929	0.203363	1       	5       	2.86    	0.916733
37 	85    	0       	0.622942	0.492898	0.188853	1       	5       	2.66    	0.851117
38 	89    	0       	0.622942	0.505628	0.165961	1       	5       	2.76    	0.884534
39 	91    	0       	0.622942	0.481683	0.196799	1       	5       	2.84    	0.924338
40 	85    	0       	0.622942	0.485125	0.187864	1       	5       	2.78    	0.9755  
41 	90    	0       	0.622942	0.498904	0.172185	1       	5       	2.69    	0.879716
42 	84    	0       	0.622942	0.50914 	0.161898	1       	5       	2.71    	0.992925
43 	88    	0       	0.622942	0.487882	0.182411	1       	5       	2.7     	0.953939
44 	87    	0       	0.622942	0.487534	0.181259	1       	5       	2.82    	0.983667
45 	91    	0       	0.622942	0.453574	0.211425	1       	5       	2.88    	0.992774
46 	93    	0       	0.622942	0.47718 	0.179219	1       	5       	3.05    	0.931397
47 	93    	0       	0.622942	0.476394	0.179011	1       	5       	3.06    	0.936162
48 	93    	0       	0.622942	0.463047	0.204353	1       	5       	3.21    	0.930537
49 	86    	0       	0.622942	0.493706	0.186395	2       	5       	3.46    	0.78    
50 	92    	0       	0.622942	0.496754	0.168819	1       	5       	3.43    	0.751731
51 	90    	0       	0.622942	0.494907	0.170745	1       	5       	3.45    	0.804674
52 	90    	0       	0.622942	0.504451	0.161897	1       	5       	3.39    	0.760197
53 	91    	0       	0.622942	0.474804	0.19313 	1       	5       	3.32    	0.785875
54 	91    	0       	0.622942	0.515616	0.137354	1       	5       	3.33    	0.735595
55 	93    	0       	0.622942	0.54268 	0.117211	1       	5       	3.35    	0.817007
56 	84    	0       	0.622942	0.499992	0.182996	1       	5       	3.5     	0.877496
57 	88    	0       	0.622942	0.520788	0.132764	1       	4       	3.31    	0.945463
58 	90    	0       	0.622942	0.518852	0.146847	1       	5       	3.34    	0.896883
59 	89    	0       	0.622942	0.502501	0.169001	1       	5       	3.27    	1.02815 
60 	90    	0       	0.622942	0.500845	0.163103	1       	5       	3.26    	1.03557 
61 	90    	0       	0.622942	0.494925	0.176205	1       	5       	3.21    	1.08899 
62 	89    	0       	0.622942	0.47959 	0.202519	1       	5       	3.45    	0.952628
63 	87    	0       	0.622942	0.509278	0.173342	1       	5       	3.25    	1.01366 
64 	89    	0       	0.622942	0.497044	0.195462	1       	5       	3.23    	1.00851 
65 	80    	0       	0.622942	0.487721	0.192974	1       	5       	3.28    	1.13208 
66 	89    	0       	0.622942	0.479416	0.192054	1       	5       	3.4     	1.07703 
67 	91    	0       	0.622942	0.490369	0.168462	1       	5       	3.23    	1.10322 
68 	88    	0       	0.622942	0.4995  	0.174375	1       	5       	3.06    	0.957288
69 	94    	0       	0.622942	0.467513	0.19706 	1       	5       	3.13    	0.986458
70 	91    	0       	0.622942	0.501158	0.175274	1       	5       	3.17    	0.938669
71 	91    	0       	0.622942	0.459224	0.215903	2       	5       	3.45    	0.766485
72 	88    	0       	0.622942	0.513368	0.159431	1       	5       	3.44    	0.697424
73 	91    	0       	0.622942	0.518769	0.154429	1       	5       	3.47    	0.741013
74 	89    	0       	0.622942	0.503335	0.17761 	1       	5       	3.54    	0.74054 
75 	88    	0       	0.622942	0.480461	0.197502	1       	5       	3.54    	0.829699
76 	82    	0       	0.622942	0.499827	0.169713	1       	5       	3.47    	0.942921
77 	89    	0       	0.622942	0.51459 	0.165968	1       	5       	3.47    	0.942921
78 	92    	0       	0.622942	0.513089	0.152059	1       	5       	3.32    	0.936803
79 	96    	0       	0.622942	0.525203	0.120276	1       	5       	3.19    	0.986864
80 	91    	0       	0.622942	0.464606	0.201532	1       	5       	3.17    	0.938669
81 	92    	0       	0.622942	0.498692	0.176755	1       	5       	2.91    	1.04971 
82 	91    	0       	0.622942	0.502894	0.173086	1       	5       	3.06    	0.977957
83 	87    	0       	0.622942	0.527334	0.151781	1       	5       	3.14    	1.01015 
84 	86    	0       	0.622942	0.498877	0.176726	1       	5       	3.14    	0.948894
85 	87    	0       	0.622942	0.517932	0.154542	1       	5       	3.24    	0.970773
86 	91    	0       	0.622942	0.462185	0.211684	1       	5       	3.16    	0.956243
87 	93    	0       	0.622942	0.50928 	0.172584	2       	5       	3.29    	0.863655
88 	95    	0       	0.622942	0.503903	0.183839	2       	5       	3.31    	0.868274
89 	87    	0       	0.622942	0.535332	0.141854	1       	5       	3.42    	0.929301
90 	93    	0       	0.622942	0.534366	0.137117	1       	5       	3.42    	0.838809
91 	93    	0       	0.622942	0.541989	0.116678	1       	5       	3.47    	0.853874
92 	95    	0       	0.622942	0.495231	0.175091	1       	5       	3.4     	0.927362
93 	96    	0       	0.622942	0.53945 	0.126764	1       	5       	3.54    	0.853464
94 	94    	0       	0.622942	0.529065	0.141585	1       	5       	3.49    	0.818474
95 	89    	0       	0.622942	0.537687	0.140713	1       	5       	3.58    	0.850647
96 	94    	0       	0.622942	0.484774	0.203564	1       	5       	3.56    	0.791454
97 	88    	0       	0.622942	0.525801	0.130718	2       	5       	3.47    	0.780449
98 	89    	0       	0.622942	0.523848	0.14874 	2       	5       	3.44    	0.840476
99 	92    	0       	0.622942	0.487005	0.19905 	1       	5       	3.37    	0.795676
100	91    	0       	0.622942	0.512736	0.177244	1       	5       	3.2     	0.824621
--- 9173.486137151718 sec ---
