   	      	                        fitness                         	                          size                          
   	      	--------------------------------------------------------	--------------------------------------------------------
gen	nevals	min     	max     	avg     	std     	min     	max     	avg     	std     
0  	100   	0       	0.740587	0.392199	0.267813	1       	5       	2.91    	1.12334 
1  	67    	0       	0.740587	0.493728	0.221921	1       	5       	2.59    	1.19243 
2  	78    	0       	0.828482	0.559656	0.165746	1       	4       	2.41    	1.12334 
3  	72    	0       	0.828482	0.59257 	0.138053	1       	5       	2.3     	1.04403 
4  	74    	0       	0.858787	0.582667	0.205411	1       	5       	2.43    	1.0223  
5  	76    	0       	0.858787	0.616391	0.181818	1       	4       	2.35    	0.887412
6  	73    	0       	0.858787	0.250184	0.342747	1       	5       	2.48    	0.932523
--- 3601.64710521698 sec ---
