   	      	                        fitness                         	                          size                          
   	      	--------------------------------------------------------	--------------------------------------------------------
gen	nevals	min     	max     	avg     	std     	min     	max     	avg     	std     
0  	100   	0       	0.726653	0.390976	0.282   	1       	4       	2.69    	1.11081 
1  	82    	0       	0.730144	0.505808	0.239965	1       	4       	2.55    	1.1694  
2  	76    	0       	0.730144	0.555852	0.201308	1       	5       	2.46    	1.23628 
3  	76    	0       	0.739032	0.607578	0.160059	1       	5       	2.57    	1.30579 
4  	75    	0       	0.739032	0.605253	0.180443	1       	4       	2.4     	1.28062 
5  	74    	0       	0.740263	0.640195	0.133706	1       	4       	2.36    	1.25316 
6  	83    	0       	0.740263	0.632336	0.148883	1       	4       	2.44    	1.25156 
7  	85    	0       	0.740263	0.62063 	0.183339	1       	4       	2.53    	1.2685  
8  	77    	0       	0.740263	0.6133  	0.204304	1       	5       	2.3     	1.32288 
9  	65    	0       	0.740263	0.652943	0.148652	1       	5       	2.24    	1.33507 
10 	80    	0       	0.740263	0.629661	0.204139	1       	5       	2.27    	1.26376 
11 	70    	0       	0.740263	0.647048	0.160848	1       	4       	2.2     	1.2083  
12 	81    	0       	0.740263	0.631661	0.186112	1       	4       	2.19    	1.2625  
13 	74    	0       	0.740263	0.645497	0.173712	1       	4       	2.08    	1.09252 
14 	74    	0       	0.740263	0.659708	0.162047	1       	5       	2.14    	1.12268 
15 	67    	0       	0.740263	0.680188	0.0967487	1       	4       	2.29    	1.06108 
16 	69    	0       	0.740263	0.635714	0.205458 	1       	5       	2.43    	1.07009 
17 	73    	0       	0.74542 	0.685141	0.130261 	1       	5       	2.28    	1.10526 
18 	68    	0       	0.74542 	0.634837	0.207126 	1       	5       	2.52    	1.16172 
19 	71    	0       	0.74542 	0.620205	0.225647 	1       	5       	2.85    	1.11692 
20 	70    	0       	0.74542 	0.660357	0.175875 	1       	5       	2.95    	1.13468 
21 	70    	0       	0.74542 	0.61689 	0.224472 	1       	4       	2.91    	1.0686  
22 	71    	0       	0.74542 	0.659042	0.173797 	1       	4       	2.79    	1.04207 
23 	71    	0       	0.74542 	0.667956	0.136539 	1       	4       	2.7     	0.994987
24 	71    	0       	0.74542 	0.659313	0.163912 	1       	4       	2.56    	0.897998
25 	54    	0       	0.74542 	0.675373	0.150643 	1       	4       	2.54    	0.921086
26 	66    	0       	0.74542 	0.621965	0.22714  	1       	5       	2.5     	0.9     
27 	64    	0       	0.74542 	0.673774	0.166163 	1       	4       	2.57    	0.839702
28 	61    	0       	0.74542 	0.623312	0.230041 	1       	5       	2.6     	0.905539
29 	65    	0       	0.74542 	0.643242	0.211853 	1       	4       	2.55    	0.887412
30 	63    	0       	0.74542 	0.632909	0.231098 	1       	5       	2.65    	0.952628
31 	48    	0       	0.74542 	0.682716	0.167257 	1       	4       	2.54    	0.887919
32 	47    	0       	0.74542 	0.693414	0.122148 	1       	4       	2.54    	0.841665
33 	48    	0       	0.74542 	0.690299	0.138127 	1       	5       	2.46    	0.841665
34 	46    	0       	0.74542 	0.682605	0.167917 	1       	4       	2.37    	0.808146
35 	34    	0       	0.74542 	0.673628	0.181307 	2       	4       	2.33    	0.664154
36 	34    	0       	0.74542 	0.709794	0.0953063	2       	4       	2.22    	0.592959
37 	34    	0       	0.74542 	0.670071	0.202509 	2       	4       	2.3     	0.6245  
38 	40    	0       	0.74542 	0.694413	0.151419 	2       	4       	2.27    	0.614085
39 	41    	0       	0.74542 	0.669555	0.181635 	1       	4       	2.16    	0.504381
40 	30    	0       	0.74542 	0.668759	0.181182 	1       	5       	2.16    	0.643739
41 	28    	0       	0.74542 	0.714227	0.093346 	1       	5       	2.15    	0.517204
42 	31    	0       	0.74542 	0.703112	0.118636 	1       	5       	2.17    	0.548726
43 	25    	0       	0.74542 	0.679944	0.168873 	1       	5       	2.17    	0.548726
44 	28    	0       	0.74542 	0.690566	0.153618 	2       	4       	2.13    	0.439431
45 	23    	0       	0.74542 	0.700846	0.133952 	1       	4       	2.05    	0.295804
46 	33    	0       	0.74542 	0.688683	0.154167 	1       	5       	2.17    	0.548726
47 	19    	0       	0.74542 	0.707197	0.117668 	1       	4       	2.16    	0.523832
48 	18    	0       	0.74542 	0.727682	0.0810035	1       	4       	2.2     	0.52915 
49 	29    	0       	0.74542 	0.718523	0.0902367	1       	4       	2.15    	0.409268
50 	35    	0       	0.74542 	0.710087	0.114731 	2       	4       	2.21    	0.453762
51 	29    	0       	0.74542 	0.70319 	0.135015 	2       	5       	2.23    	0.545069
52 	41    	0       	0.74542 	0.679364	0.167254 	1       	5       	2.22    	0.54    
53 	19    	0.5     	0.74542 	0.724363	0.057847 	1       	4       	2.15    	0.455522
54 	23    	0       	0.74542 	0.698536	0.151963 	1       	4       	2.12    	0.453431
55 	31    	0       	0.74542 	0.694245	0.137404 	1       	5       	2.11    	0.507839
56 	31    	0       	0.74542 	0.691456	0.139481 	1       	5       	2.15    	0.622495
57 	30    	0       	0.74542 	0.699447	0.134769 	1       	4       	2.14    	0.600333
58 	34    	0       	0.74542 	0.682089	0.167405 	1       	4       	2.23    	0.661135
59 	36    	0       	0.74542 	0.690542	0.141597 	1       	4       	2.26    	0.642184
60 	39    	0       	0.74542 	0.6905  	0.151862 	1       	4       	2.27    	0.614085
61 	41    	0       	0.74542 	0.691644	0.151624 	2       	5       	2.21    	0.604897
62 	34    	0       	0.74542 	0.69498 	0.151707 	1       	4       	2.2     	0.565685
63 	38    	0       	0.74542 	0.698001	0.164295 	1       	4       	2.19    	0.560268
64 	32    	0       	0.74542 	0.701925	0.150449 	1       	4       	2.18    	0.554617
65 	33    	0       	0.74542 	0.714928	0.115597 	2       	4       	2.15    	0.455522
66 	31    	0       	0.74542 	0.717519	0.114626 	2       	5       	2.11    	0.466798
67 	40    	0       	0.74542 	0.704724	0.135614 	1       	4       	2.2     	0.583095
68 	43    	0       	0.74542 	0.706904	0.132577 	2       	5       	2.22    	0.656963
69 	35    	0       	0.74542 	0.72077 	0.0903129	1       	4       	2.08    	0.365513
70 	44    	0       	0.74542 	0.719219	0.0881223	2       	4       	2.17    	0.448442
71 	31    	0       	0.74542 	0.694811	0.152754 	1       	5       	2.13    	0.577148
72 	38    	0       	0.74542 	0.682966	0.157405 	1       	4       	2.13    	0.439431
73 	44    	0       	0.74542 	0.702375	0.117391 	1       	4       	2.13    	0.482804
74 	39    	0       	0.74542 	0.718745	0.0866209	1       	4       	2.09    	0.402368
75 	36    	0       	0.74542 	0.716718	0.0918568	1       	4       	2.11    	0.44486 
76 	30    	0       	0.74542 	0.708513	0.132724 	2       	4       	2.09    	0.349142
77 	33    	0       	0.74542 	0.715898	0.113116 	1       	4       	2.14    	0.510294
78 	35    	0       	0.74542 	0.693212	0.166545 	1       	4       	2.18    	0.589576
79 	45    	0       	0.74542 	0.689761	0.155134 	1       	4       	2.1     	0.479583
80 	47    	0       	0.74542 	0.704174	0.11809  	1       	4       	2.09    	0.376696
81 	42    	0       	0.74542 	0.714921	0.0916441	2       	4       	2.21    	0.534696
82 	41    	0       	0.74542 	0.701851	0.136223 	1       	4       	2.17    	0.566657
83 	42    	0       	0.74542 	0.685456	0.156332 	1       	4       	2.22    	0.641561
84 	40    	0       	0.74542 	0.697406	0.151639 	2       	4       	2.17    	0.491019
85 	41    	0       	0.74542 	0.713645	0.0933498	1       	4       	2.09    	0.449333
86 	41    	0       	0.74542 	0.689399	0.153968 	2       	4       	2.13    	0.439431
87 	46    	0       	0.74542 	0.695101	0.151641 	1       	4       	2.16    	0.523832
88 	45    	0       	0.74542 	0.68054 	0.179475 	2       	5       	2.27    	0.661135
89 	37    	0       	0.74542 	0.703625	0.0973371	1       	4       	2.18    	0.572364
90 	48    	0       	0.74542 	0.704996	0.0961649	1       	4       	2.2     	0.583095
91 	43    	0       	0.74542 	0.703044	0.119826 	2       	4       	2.16    	0.523832
92 	52    	0       	0.74542 	0.699038	0.121048 	2       	4       	2.15    	0.497494
93 	41    	0       	0.74542 	0.706749	0.118517 	1       	4       	2.13    	0.50309 
94 	41    	0       	0.74542 	0.68089 	0.167964 	2       	5       	2.2     	0.616441
95 	49    	0       	0.74542 	0.700708	0.119071 	1       	4       	2.16    	0.523832
96 	48    	0       	0.74542 	0.694915	0.122921 	1       	4       	2.17    	0.566657
97 	43    	0       	0.74542 	0.714207	0.0921733	2       	5       	2.23    	0.630159
98 	41    	0       	0.74542 	0.714516	0.0912602	1       	4       	2.09    	0.402368
99 	48    	0       	0.74542 	0.706681	0.132915 	1       	4       	2.08    	0.44    
100	43    	0       	0.74542 	0.718166	0.0907916	1       	4       	2.07    	0.38092 
--- 2491.463305950165 sec ---
