   	      	                        fitness                         	                          size                          
   	      	--------------------------------------------------------	--------------------------------------------------------
gen	nevals	min     	max     	avg     	std     	min     	max     	avg     	std     
0  	100   	0       	0.944356	0.460729	0.364418	1       	5       	2.98    	1.21639 
1  	95    	0       	0.944356	0.583554	0.35375 	1       	5       	2.76    	1.201   
2  	95    	0       	0.954226	0.632698	0.340244	1       	5       	2.69    	1.11081 
3  	96    	0       	0.954226	0.726985	0.272762	1       	5       	2.44    	1.14298 
4  	97    	0       	0.954226	0.731449	0.304667	1       	5       	2.48    	1.09982 
5  	93    	0       	0.954226	0.129914	0.312981	1       	5       	2.55    	1.10793 
--- 3601.293924808502 sec ---
