   	      	                        fitness                         	                          size                          
   	      	--------------------------------------------------------	--------------------------------------------------------
gen	nevals	min     	max     	avg     	std     	min     	max     	avg     	std     
0  	100   	0       	0.7646  	0.239632	0.241352	1       	5       	2.92    	1.03615 
1  	95    	0       	0.768733	0.340805	0.240022	1       	4       	2.78    	1.02548 
2  	91    	0       	0.768733	0.400631	0.241242	1       	4       	2.64    	1.09105 
3  	95    	0       	0.768733	0.426203	0.246128	1       	5       	2.9     	1.1     
4  	94    	0       	0.768733	0.443575	0.253983	1       	5       	2.86    	1.16636 
5  	93    	0       	0.768733	0.467475	0.268431	1       	5       	2.98    	1.14874 
6  	93    	0       	0.768733	0.116744	0.256764	1       	5       	3.3     	0.964365
--- 21607.742431640625 sec ---
