   	      	                        fitness                         	                          size                          
   	      	--------------------------------------------------------	--------------------------------------------------------
gen	nevals	min     	max     	avg     	std     	min     	max     	avg     	std     
0  	100   	0       	0.991356	0.627978	0.392918	1       	5       	2.53    	1.18706 
1  	98    	0       	0.991356	0.786908	0.291697	1       	4       	2.35    	1.04283 
2  	99    	0       	0.991356	0.80417 	0.303443	1       	4       	2.48    	1.09069 
3  	95    	0       	0.991356	0.851254	0.261416	1       	4       	2.43    	1.10684 
4  	92    	0       	0.991356	0.87116 	0.236087	1       	5       	2.45    	1.17792 
5  	94    	0       	0.991406	0.874429	0.235658	1       	5       	2.24    	1.15862 
6  	93    	0       	0.991406	0.86973 	0.258623	1       	5       	2.45    	1.25996 
7  	96    	0       	0.991406	0.238035	0.413312	1       	5       	2.55    	1.2278  
--- 3600.3975801467896 sec ---
