   	      	                        fitness                         	                          size                          
   	      	--------------------------------------------------------	--------------------------------------------------------
gen	nevals	min     	max     	avg     	std     	min     	max     	avg     	std     
0  	100   	0       	0.730639	0.352613	0.279246	1       	5       	2.78    	1.07313 
1  	94    	0       	0.730639	0.443043	0.239375	1       	5       	2.62    	1.147   
2  	93    	0       	0.733417	0.505839	0.218018	1       	4       	2.5     	1.04403 
3  	92    	0       	0.815859	0.568385	0.177085	1       	5       	2.33    	0.917115
4  	94    	0       	0.870853	0.565596	0.208132	1       	5       	2.51    	0.9219  
5  	98    	0       	0.870853	0.597918	0.171172	1       	4       	2.6     	0.927362
6  	92    	0       	0.870853	0.179922	0.306838	1       	4       	2.47    	0.994535
--- 3610.375283718109 sec ---
