   	      	                        fitness                         	                          size                          
   	      	--------------------------------------------------------	--------------------------------------------------------
gen	nevals	min     	max     	avg     	std     	min     	max     	avg     	std     
0  	100   	0       	0.96662 	0.386431	0.287866	1       	5       	2.57    	1.14241 
1  	95    	0       	0.96662 	0.469996	0.272567	1       	4       	2.37    	1.07382 
2  	98    	0       	0.971559	0.581453	0.225096	1       	5       	2.23    	1.1735  
3  	95    	0       	0.971559	0.523007	0.295864	1       	5       	2.3     	1.23693 
4  	93    	0       	0.971559	0.564335	0.293644	1       	5       	2.28    	1.17541 
5  	95    	0       	0.971559	0.646329	0.246486	1       	5       	2.31    	1.2625  
6  	96    	0       	0.976481	0.653678	0.256132	1       	5       	2.25    	1.12583 
7  	87    	0       	0.986404	0.582389	0.334345	1       	4       	2.3     	1.13578 
8  	94    	0       	0.988873	0.636297	0.319103	1       	5       	2.22    	1.16258 
9  	96    	0       	0.988873	0.734321	0.242823	1       	4       	2.04    	1.13066 
10 	95    	0       	0.988873	0.683871	0.317189	1       	5       	1.99    	1.14451 
11 	94    	0       	0.997531	0.694504	0.330939	1       	5       	2.22    	1.10073 
12 	98    	0       	1       	0.654295	0.3386  	1       	5       	2.14    	1.01015 
13 	91    	0       	1       	0.687559	0.318706	1       	4       	2.23    	1.00851 
14 	94    	0       	1       	0.740975	0.270796	1       	5       	2.41    	1.1584  
15 	97    	0       	1       	0.710222	0.31091 	1       	5       	2.61    	1.30303 
16 	95    	0       	1       	0.73027 	0.317821	1       	5       	2.66    	1.3507  
17 	94    	0       	1       	0.666087	0.340062	1       	5       	2.77    	1.48226 
18 	96    	0       	1       	0.696442	0.325233	1       	5       	2.6     	1.44222 
19 	97    	0       	1       	0.706768	0.320109	1       	5       	2.59    	1.45667 
20 	92    	0       	1       	0.722656	0.320453	1       	5       	2.69    	1.38344 
21 	87    	0       	1       	0.692507	0.343299	1       	5       	2.77    	1.49569 
22 	92    	0       	1       	0.653296	0.369727	1       	5       	3.11    	1.44841 
23 	96    	0       	1       	0.691876	0.332635	1       	5       	2.94    	1.42702 
24 	96    	0       	1       	0.723411	0.315038	1       	5       	3.14    	1.38578 
25 	90    	0       	1       	0.73834 	0.33146 	1       	5       	3.34    	1.27452 
26 	98    	0       	1       	0.769748	0.342538	1       	5       	3.44    	1.08    
27 	98    	0       	1       	0.749485	0.364908	1       	5       	3.46    	1.09014 
28 	95    	0       	1       	0.767766	0.349092	1       	5       	3.2     	1.1225  
29 	99    	0       	1       	0.781105	0.334316	1       	5       	3.13    	1.03591 
30 	95    	0       	1       	0.780904	0.320032	1       	5       	2.93    	1.07009 
31 	95    	0       	1       	0.843316	0.31637 	1       	5       	3.05    	1.15217 
32 	95    	0       	1       	0.855626	0.311475	1       	5       	2.96    	1.07629 
33 	98    	0       	1       	0.890347	0.225579	1       	5       	2.63    	1.02621 
34 	96    	0       	1       	0.841933	0.271266	1       	5       	2.75    	1.05238 
35 	96    	0       	1       	0.8721  	0.257648	1       	5       	2.82    	1.13472 
36 	95    	0       	1       	0.881982	0.240157	1       	5       	2.71    	1.08899 
37 	94    	0       	1       	0.86195 	0.280363	1       	5       	2.81    	1.15495 
38 	98    	0       	1       	0.850946	0.285358	1       	5       	2.69    	1.03629 
39 	96    	0       	1       	0.843562	0.298027	1       	5       	2.54    	0.963535
40 	98    	0       	1       	0.843849	0.297039	1       	5       	2.73    	1.07569 
41 	98    	0       	1       	0.828847	0.317088	1       	5       	2.76    	1.02098 
42 	96    	0       	1       	0.822223	0.291686	1       	5       	2.71    	0.982802
43 	97    	0       	1       	0.794946	0.331267	1       	5       	2.81    	0.996945
44 	97    	0       	1       	0.824745	0.278621	1       	5       	2.72    	0.938936
45 	97    	0       	1       	0.888689	0.222736	1       	5       	2.76    	0.991161
46 	95    	0       	1       	0.877673	0.265954	1       	5       	2.73    	0.978315
47 	100   	0       	1       	0.841802	0.26724 	1       	5       	2.66    	0.896883
48 	96    	0       	1       	0.883866	0.227126	1       	5       	2.65    	0.942072
49 	97    	0       	1       	0.861962	0.247135	1       	5       	2.74    	0.934024
50 	94    	0       	1       	0.822095	0.309022	1       	5       	2.73    	0.978315
51 	99    	0       	1       	0.867575	0.220666	1       	4       	2.58    	0.873842
52 	96    	0       	1       	0.821867	0.301094	1       	5       	2.83    	0.970103
53 	97    	0       	1       	0.7753  	0.330693	1       	5       	2.99    	0.974628
54 	97    	0       	1       	0.816734	0.311939	2       	5       	2.9     	0.994987
55 	97    	0       	1       	0.818045	0.275139	1       	4       	2.8     	0.948683
56 	95    	0       	1       	0.890462	0.199093	1       	5       	2.83    	0.95974 
57 	98    	0       	1       	0.865577	0.249455	1       	5       	2.75    	0.983616
58 	92    	0       	1       	0.877347	0.268636	1       	5       	2.65    	0.920598
59 	93    	0       	1       	0.870462	0.261393	2       	5       	2.69    	0.913181
60 	96    	0       	1       	0.879103	0.257204	2       	5       	2.64    	0.900222
61 	92    	0       	1       	0.863027	0.27003 	1       	5       	2.72    	0.928224
62 	97    	0       	1       	0.845538	0.275624	1       	5       	2.7     	1.01489 
63 	98    	0       	1       	0.812658	0.28095 	1       	5       	2.7     	1.0247  
64 	98    	0       	1       	0.851775	0.237152	1       	5       	2.75    	1.0332  
65 	95    	0       	1       	0.863828	0.269699	1       	5       	2.75    	1.00374 
66 	88    	0       	1       	0.915343	0.187056	1       	4       	2.75    	0.920598
67 	97    	0       	1       	0.905101	0.191638	1       	5       	3.02    	0.979592
68 	97    	0       	1       	0.906448	0.250661	2       	5       	2.95    	0.983616
69 	95    	0       	1       	0.874739	0.260599	2       	5       	2.99    	0.984835
70 	98    	0       	1       	0.913735	0.214444	2       	5       	2.91    	0.980765
71 	96    	0       	1       	0.838288	0.300225	2       	5       	2.91    	0.980765
72 	93    	0       	1       	0.857245	0.283317	1       	5       	2.78    	0.985698
73 	98    	0       	1       	0.919528	0.192337	2       	4       	2.79    	0.930537
74 	95    	0       	1       	0.899463	0.238301	1       	5       	2.69    	0.996945
75 	96    	0       	1       	0.881545	0.245826	1       	5       	2.9     	1.00499 
76 	98    	0       	1       	0.861743	0.262254	1       	5       	3.15    	0.973396
77 	98    	0       	1       	0.89479 	0.213503	1       	4       	3.21    	0.930537
78 	98    	0       	1       	0.826732	0.292489	1       	5       	3.24    	1.0012  
79 	99    	0       	1       	0.85825 	0.26574 	1       	5       	3.05    	0.963068
80 	93    	0       	1       	0.894302	0.228568	2       	5       	2.98    	0.958958
81 	95    	0       	1       	0.896773	0.218946	1       	5       	2.75    	0.973396
82 	100   	0       	1       	0.832158	0.278983	1       	5       	2.76    	0.991161
83 	100   	0       	1       	0.881965	0.23667 	1       	4       	2.79    	0.951788
84 	97    	0       	1       	0.892855	0.219557	1       	5       	2.81    	0.986864
85 	97    	0       	1       	0.847055	0.302953	1       	5       	2.83    	1.02034 
86 	95    	0       	1       	0.88044 	0.273824	1       	5       	2.88    	1.03228 
87 	96    	0       	1       	0.859419	0.283114	1       	5       	2.94    	1.01804 
88 	93    	0       	1       	0.846727	0.277429	1       	5       	2.81    	0.976678
89 	96    	0       	1       	0.796016	0.337857	1       	5       	2.85    	1.07121 
90 	94    	0       	1       	0.782565	0.339506	1       	5       	2.88    	1.01272 
91 	97    	0       	1       	0.802749	0.322556	1       	5       	2.71    	1.01287 
92 	96    	0       	1       	0.813485	0.281521	1       	5       	2.75    	1.05238 
93 	94    	0       	1       	0.816886	0.292548	1       	5       	2.91    	1.02074 
94 	95    	0       	1       	0.823552	0.298108	1       	5       	2.98    	0.9998  
95 	97    	0       	1       	0.868804	0.244818	1       	5       	3.01    	1.00494 
96 	91    	0       	1       	0.911354	0.18499 	1       	5       	3.01    	1.03436 
97 	95    	0       	1       	0.816646	0.31164 	2       	5       	3.12    	1.02255 
98 	95    	0       	1       	0.832147	0.281174	1       	5       	3.08    	0.996795
99 	98    	0       	1       	0.846905	0.259342	1       	5       	3       	0.989949
100	93    	0       	1       	0.864123	0.260206	2       	5       	2.86    	0.98    
--- 8422.430967092514 sec ---
