   	      	                        fitness                         	                          size                          
   	      	--------------------------------------------------------	--------------------------------------------------------
gen	nevals	min     	max     	avg     	std     	min     	max     	avg     	std     
0  	100   	0       	0.724675	0.401946	0.277118	1       	5       	2.83    	1.15806 
1  	95    	0       	0.730776	0.498876	0.238143	1       	4       	2.85    	1.06184 
2  	97    	0       	0.732215	0.551012	0.19952 	1       	5       	2.92    	1.05527 
3  	93    	0       	0.732215	0.57562 	0.194687	1       	4       	2.56    	0.930806
4  	95    	0       	0.745154	0.547811	0.241406	1       	5       	2.75    	1.16082 
5  	99    	0       	0.745154	0.601118	0.18121 	1       	5       	2.75    	1.08051 
6  	93    	0       	0.745154	0.628909	0.14785 	1       	4       	2.68    	1.01863 
7  	97    	0       	0.745154	0.649662	0.158934	1       	5       	2.8     	1.03923 
8  	93    	0       	0.745154	0.639941	0.172814	1       	5       	2.71    	1.13398 
9  	87    	0       	0.745154	0.661626	0.133537	1       	5       	2.91    	1.11441 
10 	96    	0       	0.745154	0.622178	0.19622 	1       	5       	2.99    	0.974628
11 	97    	0       	0.745154	0.643825	0.175073	1       	5       	3.13    	0.965971
12 	97    	0       	0.745154	0.644965	0.163169	1       	5       	3.15    	1.01366 
13 	91    	0       	0.745154	0.656746	0.162289	1       	5       	3.14    	1.0679  
14 	94    	0       	0.745154	0.650977	0.173486	1       	5       	3.12    	0.95163 
15 	91    	0       	0.745154	0.638899	0.195651	1       	5       	3       	1.00995 
16 	92    	0       	0.745154	0.645069	0.17478 	1       	5       	3.13    	0.912743
17 	89    	0       	0.750471	0.630369	0.197332	1       	5       	3.21    	0.962237
18 	92    	0       	0.750471	0.647131	0.165058	1       	5       	3.19    	1.01681 
19 	89    	0       	0.750471	0.639481	0.206223	1       	5       	3.27    	0.881533
20 	93    	0       	0.750471	0.649918	0.176783	1       	5       	3.13    	0.901721
21 	96    	0       	0.750471	0.636177	0.187109	1       	5       	3.1     	0.921954
22 	93    	0       	0.750471	0.62223 	0.217058	1       	5       	3.15    	0.983616
23 	95    	0       	0.750471	0.63602 	0.206358	1       	5       	3.4     	0.938083
24 	92    	0       	0.750471	0.64063 	0.189127	1       	5       	3.23    	0.957653
25 	94    	0       	0.75838 	0.650247	0.166314	1       	5       	3.15    	1.06184 
26 	87    	0       	0.75838 	0.643806	0.179361	1       	5       	3.17    	0.990505
27 	88    	0       	0.75838 	0.649368	0.188199	1       	5       	3.26    	0.923255
28 	91    	0       	0.75838 	0.636358	0.189833	1       	5       	3.23    	0.936536
29 	90    	0       	0.75838 	0.668677	0.139512	1       	5       	3.36    	0.866256
30 	97    	0       	0.75838 	0.647475	0.190952	1       	5       	3.47    	0.842081
31 	92    	0       	0.75838 	0.68118 	0.162448	2       	5       	3.54    	0.713022
32 	90    	0       	0.75838 	0.653475	0.178289	1       	5       	3.41    	0.801187
33 	94    	0       	0.75838 	0.679315	0.121418	1       	5       	3.3     	0.830662
34 	96    	0       	0.75838 	0.642205	0.19111 	1       	5       	3.42    	0.737292
35 	90    	0       	0.75838 	0.650843	0.191662	1       	5       	3.37    	0.77013 
36 	92    	0       	0.75838 	0.655579	0.192541	1       	5       	3.42    	0.802247
37 	92    	0       	0.75838 	0.669614	0.167013	1       	5       	3.48    	0.793473
38 	94    	0       	0.75838 	0.653449	0.182489	2       	5       	3.69    	0.611474
39 	91    	0       	0.75838 	0.677944	0.150198	1       	5       	3.62    	0.703989
40 	90    	0       	0.75838 	0.700706	0.0916213	2       	5       	3.61    	0.545802
41 	94    	0       	0.75838 	0.661478	0.178237 	1       	5       	3.59    	0.633956
42 	95    	0       	0.75838 	0.631905	0.211941 	1       	5       	3.56    	0.711618
43 	92    	0       	0.75838 	0.662188	0.178431 	2       	5       	3.67    	0.617333
44 	93    	0       	0.75838 	0.673051	0.151479 	1       	5       	3.66    	0.695989
45 	93    	0       	0.75838 	0.582599	0.270259 	1       	5       	3.66    	0.777432
46 	94    	0       	0.75838 	0.649177	0.200928 	1       	5       	3.65    	0.71239 
47 	93    	0       	0.75838 	0.666905	0.179071 	2       	5       	3.69    	0.643351
48 	95    	0       	0.75838 	0.692192	0.099885 	1       	5       	3.69    	0.673721
49 	98    	0       	0.75838 	0.683592	0.11959  	2       	5       	3.83    	0.548726
50 	97    	0       	0.75838 	0.646669	0.201976 	1       	5       	3.86    	0.583438
51 	94    	0       	0.75838 	0.615522	0.227077 	1       	5       	3.86    	0.678528
52 	99    	0       	0.75838 	0.655032	0.189871 	1       	5       	3.88    	0.570614
53 	96    	0       	0.75838 	0.666305	0.178336 	2       	5       	3.83    	0.510979
54 	95    	0       	0.75838 	0.695791	0.131998 	2       	5       	3.83    	0.470213
55 	97    	0       	0.75838 	0.664115	0.179832 	2       	5       	3.75    	0.572276
56 	95    	0       	0.75838 	0.6521  	0.180449 	2       	5       	3.7     	0.556776
57 	95    	0       	0.75838 	0.652072	0.189792 	2       	5       	3.71    	0.588133
58 	99    	0       	0.75838 	0.664619	0.188564 	2       	5       	3.69    	0.560268
59 	98    	0       	0.75838 	0.649337	0.211257 	1       	5       	3.74    	0.672607
60 	93    	0       	0.75838 	0.651   	0.19249  	1       	5       	3.74    	0.657571
61 	94    	0       	0.75838 	0.652351	0.181184 	1       	5       	3.67    	0.679043
62 	97    	0       	0.75838 	0.690801	0.117964 	2       	4       	3.73    	0.526403
63 	89    	0       	0.75838 	0.659816	0.190919 	2       	5       	3.64    	0.574804
64 	95    	0       	0.75838 	0.667584	0.166474 	2       	5       	3.72    	0.567098
65 	90    	0       	0.75838 	0.667048	0.167343 	1       	5       	3.61    	0.719653
66 	94    	0       	0.75838 	0.675401	0.177129 	1       	5       	3.66    	0.681469
67 	92    	0       	0.75838 	0.671644	0.177569 	2       	5       	3.72    	0.617738
68 	95    	0       	0.7604  	0.682402	0.136812 	2       	5       	3.7     	0.6245  
69 	96    	0       	0.75838 	0.672325	0.152694 	1       	4       	3.63    	0.702211
70 	92    	0       	0.75838 	0.684576	0.119169 	1       	5       	3.7     	0.714143
71 	97    	0       	0.75838 	0.658374	0.188293 	2       	5       	3.78    	0.575847
72 	91    	0       	0.75838 	0.660501	0.209644 	2       	5       	3.8     	0.565685
73 	97    	0       	0.75838 	0.67109 	0.177667 	1       	5       	3.68    	0.733212
74 	89    	0       	0.75838 	0.687397	0.134291 	1       	5       	3.63    	0.743707
75 	93    	0       	0.75838 	0.664174	0.178    	1       	5       	3.62    	0.758683
76 	97    	0       	0.75838 	0.647045	0.208954 	1       	5       	3.51    	0.806164
77 	92    	0       	0.75838 	0.667517	0.178758 	1       	5       	3.46    	0.829699
78 	97    	0       	0.75838 	0.660149	0.191342 	1       	5       	3.59    	0.788606
79 	95    	0       	0.75838 	0.704064	0.0934507	1       	5       	3.69    	0.757562
80 	94    	0       	0.75838 	0.680615	0.177837 	1       	5       	3.81    	0.594895
81 	93    	0       	0.75838 	0.669727	0.169469 	2       	5       	3.82    	0.638436
82 	97    	0       	0.75838 	0.648705	0.192045 	1       	5       	3.65    	0.766485
83 	97    	0       	0.75838 	0.625745	0.229796 	1       	5       	3.61    	0.786066
84 	94    	0       	0.75838 	0.688753	0.118705 	1       	5       	3.66    	0.710211
85 	91    	0       	0.75838 	0.631534	0.238763 	1       	5       	3.66    	0.737835
86 	96    	0       	0.75838 	0.647556	0.191528 	1       	5       	3.67    	0.800687
87 	97    	0       	0.75838 	0.676957	0.164941 	2       	5       	3.79    	0.667757
88 	92    	0       	0.75838 	0.685946	0.148146 	1       	5       	3.79    	0.682569
89 	97    	0       	0.75838 	0.679718	0.151255 	2       	5       	3.79    	0.570877
90 	98    	0       	0.75838 	0.663244	0.169424 	1       	5       	3.67    	0.693614
91 	92    	0       	0.75838 	0.662569	0.189312 	1       	5       	3.68    	0.719444
92 	94    	0       	0.75838 	0.660057	0.190762 	1       	5       	3.74    	0.756571
93 	96    	0       	0.75838 	0.680377	0.136386 	2       	5       	3.78    	0.641561
94 	97    	0       	0.75838 	0.664678	0.177936 	2       	4       	3.71    	0.588133
95 	96    	0       	0.75838 	0.623614	0.236201 	1       	5       	3.65    	0.726292
96 	96    	0       	0.75838 	0.656102	0.169068 	2       	5       	3.71    	0.588133
97 	99    	0       	0.75838 	0.65805 	0.178696 	2       	5       	3.78    	0.575847
98 	97    	0       	0.75838 	0.656683	0.189233 	2       	5       	3.84    	0.65909 
99 	94    	0       	0.75838 	0.662756	0.167893 	1       	5       	3.77    	0.732871
100	98    	0       	0.75838 	0.685066	0.134178 	1       	5       	3.79    	0.791138
--- 15858.795699119568 sec ---
