   	      	                        fitness                         	                          size                          
   	      	--------------------------------------------------------	--------------------------------------------------------
gen	nevals	min     	max     	avg     	std     	min     	max     	avg     	std     
0  	100   	0       	0.985476	0.289496	0.309661	1       	5       	2.76    	1.24193 
1  	97    	0       	0.999362	0.451523	0.339521	1       	4       	2.32    	1.24804 
2  	94    	0       	0.999384	0.554632	0.334224	1       	4       	2.34    	1.25076 
3  	98    	0       	0.999384	0.589724	0.340774	1       	5       	2.32    	1.24804 
4  	97    	0       	0.999384	0.616113	0.35231 	1       	5       	2.37    	1.25423 
5  	95    	0       	0.999384	0.0728106	0.247832	1       	5       	2.38    	1.21474 
--- 3642.2375371456146 sec ---
