   	      	                        fitness                         	                          size                          
   	      	--------------------------------------------------------	--------------------------------------------------------
gen	nevals	min     	max     	avg     	std     	min     	max     	avg     	std     
0  	100   	0       	0.577548	0.22755 	0.204297	1       	5       	2.93    	1.05124 
1  	98    	0       	0.577548	0.254883	0.194096	1       	5       	2.96    	1.01902 
2  	97    	0       	0.583252	0.285609	0.198147	1       	4       	3.08    	0.945304
3  	91    	0       	0.583252	0.353852	0.182666	1       	5       	3.12    	1.02255 
4  	97    	0       	0.583252	0.379084	0.182488	1       	5       	3.31    	0.913181
5  	93    	0       	0.583252	0.41844 	0.18308 	1       	4       	2.9     	1.0247  
6  	91    	0       	0.594203	0.433107	0.186516	1       	5       	2.92    	1.01666 
7  	92    	0       	0.600936	0.45578 	0.171418	1       	5       	2.78    	1.07313 
8  	95    	0       	0.600936	0.481577	0.146832	1       	4       	2.82    	0.993781
9  	93    	0       	0.600936	0.437668	0.204124	1       	5       	2.86    	0.905759
10 	92    	0       	0.602513	0.478002	0.175292	1       	5       	2.75    	0.942072
11 	88    	0       	0.602513	0.505214	0.125133	1       	5       	2.74    	0.901332
12 	88    	0       	0.602513	0.506867	0.145387	1       	5       	2.73    	0.978315
13 	97    	0       	0.603942	0.502784	0.154905	1       	5       	2.67    	0.970103
14 	91    	0       	0.604389	0.464457	0.184905	1       	5       	2.65    	0.942072
15 	95    	0       	0.604389	0.454918	0.173776	1       	5       	2.57    	0.972163
16 	91    	0       	0.603942	0.461599	0.190837	1       	5       	2.62    	0.987725
17 	94    	0       	0.606979	0.454833	0.197338	1       	5       	2.74    	1.16293 
18 	92    	0       	0.606979	0.482688	0.16461 	1       	5       	2.78    	1.16258 
19 	92    	0       	0.606979	0.490635	0.158152	1       	5       	2.72    	1.14961 
20 	86    	0       	0.606979	0.497935	0.163979	1       	5       	2.63    	1.21371 
21 	89    	0       	0.606979	0.468906	0.177164	1       	5       	2.36    	1.19599 
22 	90    	0       	0.606979	0.46958 	0.182476	1       	5       	2.55    	1.26787 
23 	95    	0       	0.606979	0.499988	0.13724 	1       	4       	2.37    	1.0831  
24 	97    	0       	0.606979	0.521549	0.112456	1       	5       	2.34    	1.0883  
25 	91    	0       	0.606979	0.499837	0.156584	1       	5       	2.32    	1.13912 
26 	92    	0       	0.606979	0.496652	0.158109	1       	4       	2.31    	1.09266 
27 	91    	0       	0.606979	0.483885	0.176177	1       	5       	2.34    	1.13331 
28 	89    	0       	0.606979	0.42542 	0.212635	1       	5       	2.25    	1.15217 
29 	96    	0       	0.606979	0.481763	0.165679	1       	4       	2.27    	1.03783 
30 	92    	0       	0.604107	0.445777	0.201768	1       	5       	2.45    	1.06184 
31 	94    	0       	0.602889	0.46721 	0.172736	1       	5       	2.53    	1.00454 
32 	91    	0       	0.602889	0.513314	0.117446	1       	5       	2.62    	0.967264
33 	95    	0       	0.602889	0.487927	0.162637	1       	5       	2.7     	1.05357 
34 	97    	0       	0.602889	0.484224	0.153977	1       	5       	2.71    	1.09813 
35 	88    	0       	0.602889	0.496038	0.166197	1       	4       	2.95    	1.04283 
36 	94    	0       	0.602889	0.479893	0.179969	1       	5       	2.93    	1.07009 
37 	95    	0       	0.613116	0.509372	0.14465 	1       	4       	2.86    	1.0679  
38 	94    	0       	0.613116	0.501839	0.14842 	1       	5       	3.06    	1.00817 
39 	93    	0       	0.613116	0.49737 	0.159792	1       	5       	2.98    	1.02937 
40 	88    	0       	0.613116	0.486995	0.16706 	1       	5       	3.03    	1.02426 
41 	92    	0       	0.613116	0.474592	0.166156	1       	5       	2.88    	1.05148 
42 	89    	0       	0.613116	0.500229	0.147016	1       	5       	2.88    	1.04192 
43 	90    	0       	0.613116	0.484018	0.173518	1       	5       	2.79    	1.17724 
44 	93    	0       	0.613116	0.457681	0.180774	1       	5       	2.57    	1.15978 
45 	87    	0       	0.613116	0.462019	0.190531	1       	4       	2.53    	1.10865 
46 	90    	0       	0.613116	0.459112	0.200809	1       	5       	2.66    	1.15948 
47 	89    	0       	0.613116	0.448971	0.199048	1       	5       	2.7     	1.12694 
48 	95    	0       	0.613116	0.468946	0.174205	1       	5       	2.61    	1.05731 
49 	91    	0       	0.613116	0.476844	0.162969	1       	5       	2.67    	1.0301  
50 	94    	0       	0.613116	0.506969	0.134142	1       	5       	2.64    	0.94361 
51 	97    	0       	0.613116	0.489696	0.161721	1       	4       	2.69    	0.955981
52 	98    	0       	0.613116	0.483191	0.174201	1       	4       	2.63    	0.965971
53 	92    	0       	0.613116	0.503558	0.148593	1       	5       	2.59    	1.04971 
54 	89    	0       	0.613116	0.505723	0.15203 	1       	5       	2.56    	1.05186 
55 	89    	0       	0.613116	0.460875	0.201771	1       	5       	2.63    	1.13715 
56 	93    	0       	0.613116	0.515949	0.137777	1       	5       	2.43    	1.11584 
57 	93    	0       	0.613116	0.476549	0.18241 	1       	5       	2.49    	1.17894 
58 	85    	0       	0.613116	0.478433	0.170262	1       	5       	2.74    	1.11014 
59 	89    	0       	0.613116	0.452603	0.189786	1       	5       	2.85    	1.08972 
60 	95    	0       	0.613116	0.470755	0.165045	1       	5       	2.86    	1.09563 
61 	88    	0       	0.613116	0.49798 	0.155483	1       	5       	2.85    	1.2278  
62 	91    	0       	0.613116	0.504386	0.139579	1       	5       	3.18    	1.16944 
63 	96    	0       	0.613116	0.483965	0.169025	1       	5       	3.27    	1.09412 
64 	94    	0       	0.613116	0.506759	0.141598	1       	5       	3.3     	1.09087 
65 	97    	0       	0.613116	0.488053	0.175305	1       	4       	3.42    	0.94    
66 	97    	0       	0.613116	0.497757	0.167308	1       	5       	3.53    	0.953467
67 	95    	0       	0.613116	0.499523	0.167072	1       	5       	3.53    	0.963898
68 	95    	0       	0.613116	0.496277	0.171023	1       	5       	3.54    	0.93188 
69 	94    	0       	0.613116	0.525433	0.130787	1       	5       	3.35    	1.10793 
70 	95    	0       	0.613116	0.502039	0.164044	1       	5       	3.43    	1.00255 
71 	97    	0       	0.613116	0.475068	0.195325	1       	5       	3.62    	0.946361
72 	97    	0       	0.613116	0.524679	0.145018	1       	5       	3.8     	0.761577
73 	97    	0       	0.613116	0.496719	0.16982 	1       	5       	3.78    	0.742698
74 	99    	0       	0.613116	0.500465	0.164572	1       	5       	3.76    	0.826075
75 	96    	0       	0.613116	0.517974	0.147385	1       	5       	3.75    	0.887412
76 	97    	0       	0.613116	0.52137 	0.147742	1       	5       	3.92    	0.716659
77 	94    	0       	0.613116	0.504639	0.167506	1       	5       	3.85    	0.99373 
78 	96    	0       	0.613116	0.51431 	0.142347	1       	5       	3.87    	1.02621 
79 	100   	0       	0.613116	0.515571	0.151154	1       	5       	3.98    	0.848292
80 	93    	0       	0.613116	0.520051	0.147894	1       	5       	3.99    	0.806164
81 	95    	0       	0.613116	0.517294	0.139132	1       	5       	3.88    	0.982649
82 	96    	0       	0.613116	0.500268	0.170767	1       	5       	3.75    	1.13468 
83 	98    	0       	0.613116	0.47485 	0.19822 	1       	5       	3.78    	1.05432 
84 	97    	0       	0.613116	0.478911	0.198492	1       	5       	3.82    	1.03325 
85 	98    	0       	0.613116	0.497797	0.170927	1       	5       	3.76    	0.98102 
86 	96    	0       	0.613116	0.497228	0.176835	1       	5       	3.84    	0.913455
87 	96    	0       	0.613116	0.502857	0.176353	1       	5       	3.9     	1.0247  
88 	99    	0       	0.613116	0.489223	0.194911	1       	5       	4.1     	0.888819
89 	99    	0       	0.613116	0.475789	0.203545	1       	5       	3.91    	0.884251
90 	98    	0       	0.613116	0.505412	0.164945	1       	5       	3.73    	0.936536
91 	95    	0       	0.613116	0.531982	0.124423	1       	5       	3.78    	0.819512
92 	98    	0       	0.613116	0.511702	0.169514	1       	5       	3.89    	0.746927
93 	96    	0       	0.613116	0.501793	0.180407	1       	5       	3.97    	0.684909
94 	98    	0       	0.613116	0.507218	0.179193	1       	5       	3.91    	0.813572
95 	97    	0       	0.613116	0.5233  	0.15026 	1       	5       	3.91    	0.884251
96 	98    	0       	0.613116	0.478053	0.204219	1       	5       	3.89    	0.978724
97 	96    	0       	0.613116	0.485566	0.192814	1       	5       	3.52    	1.09069 
98 	95    	0       	0.613116	0.477838	0.192607	1       	5       	3.43    	1.23495 
99 	95    	0       	0.613116	0.494854	0.175626	1       	5       	3.64    	1.07257 
100	93    	0       	0.613116	0.0683999	0.185955	1       	5       	3.8     	0.959166
--- 21600.690978050232 sec ---
