   	      	                        fitness                         	                          size                          
   	      	--------------------------------------------------------	--------------------------------------------------------
gen	nevals	min     	max     	avg     	std     	min     	max     	avg     	std     
0  	100   	0       	0.732266	0.374734	0.266608	1       	4       	2.7     	1.04403 
1  	86    	0       	0.732266	0.477945	0.214771	1       	4       	2.83    	1.06822 
2  	82    	0       	0.823567	0.513926	0.188485	1       	5       	2.86    	1.01015 
3  	88    	0       	0.823567	0.58012 	0.116483	1       	5       	2.86    	0.969742
4  	70    	0       	0.823567	0.579692	0.143101	1       	4       	2.83    	0.87241 
5  	71    	0       	0.823567	0.574081	0.177407	1       	4       	2.76    	0.917824
6  	81    	0       	0.823567	0.207876	0.298173	1       	5       	2.8     	0.938083
--- 3629.90092921257 sec ---
