   	      	                        fitness                         	                          size                          
   	      	--------------------------------------------------------	--------------------------------------------------------
gen	nevals	min     	max     	avg     	std     	min     	max     	avg     	std     
0  	100   	0       	0.927413	0.512825	0.384147	1       	4       	2.69    	1.11081 
1  	97    	0       	0.929206	0.641014	0.344339	1       	5       	2.39    	1.16529 
2  	96    	0       	0.929206	0.681448	0.327262	1       	4       	2.28    	1.03034 
3  	91    	0       	0.929206	0.784724	0.233773	1       	4       	2.22    	1.01568 
4  	98    	0       	0.935072	0.77404 	0.265905	1       	5       	2.4     	1.04881 
5  	94    	0       	0.935072	0.804112	0.246434	1       	4       	2.3     	1.00499 
6  	96    	0       	0.935281	0.807111	0.244617	1       	5       	2.22    	0.944246
7  	97    	0       	0.94037 	0.450977	0.437408	1       	5       	2.19    	1.03629 
--- 3654.814486026764 sec ---
