   	      	                        fitness                         	                          size                          
   	      	--------------------------------------------------------	--------------------------------------------------------
gen	nevals	min     	max     	avg     	std     	min     	max     	avg     	std     
0  	100   	0       	0.773637	0.373702	0.269377	1       	5       	2.93    	1.05124 
1  	96    	0       	0.777636	0.445382	0.232394	1       	5       	2.96    	1.00916 
2  	95    	0       	0.777636	0.500605	0.216873	1       	5       	2.92    	1.04575 
3  	91    	0       	0.777636	0.530374	0.21405 	1       	5       	2.73    	1.00851 
4  	96    	0       	0.777636	0.592933	0.172266	1       	5       	2.74    	0.97591 
5  	94    	0       	0.789606	0.532324	0.26823 	1       	4       	2.9     	0.911043
--- 21661.111926317215 sec ---
