   	      	                        fitness                         	                          size                          
   	      	--------------------------------------------------------	--------------------------------------------------------
gen	nevals	min     	max     	avg     	std     	min     	max     	avg     	std     
0  	100   	0       	0.705875	0.421188	0.233467	1       	5       	2.53    	1.18706 
1  	98    	0       	0.786222	0.474506	0.221557	1       	5       	2.57    	1.0794  
2  	98    	0       	0.786222	0.51562 	0.190802	1       	5       	2.43    	1.11584 
3  	95    	0       	0.793893	0.548377	0.170911	1       	5       	2.28    	0.96    
4  	97    	0       	0.793893	0.558916	0.186369	1       	5       	2.43    	1.05124 
5  	96    	0       	0.813671	0.594226	0.154327	1       	5       	2.46    	1.00419 
6  	97    	0       	0.821834	0.297032	0.32617 	1       	5       	2.44    	0.972831
--- 3607.9825575351715 sec ---
