   	      	                        fitness                         	                          size                          
   	      	--------------------------------------------------------	--------------------------------------------------------
gen	nevals	min     	max     	avg     	std     	min     	max     	avg     	std     
0  	100   	0       	0.736043	0.408665	0.259128	1       	5       	2.69    	1.28604 
1  	97    	0       	0.736043	0.476955	0.213732	1       	5       	2.61    	1.24816 
2  	94    	0       	0.736043	0.539411	0.158771	1       	4       	2.42    	1.14175 
3  	89    	0       	0.832415	0.576571	0.133796	1       	4       	2.37    	1.07382 
4  	95    	0       	0.867545	0.589133	0.187964	1       	5       	2.57    	1.15113 
5  	93    	0       	0.867545	0.596568	0.20398 	1       	4       	2.61    	1.06672 
6  	93    	0       	0.867545	0.486834	0.315132	1       	4       	2.97    	1.0436  
--- 3609.938469171524 sec ---
