   	      	                        fitness                         	                          size                          
   	      	--------------------------------------------------------	--------------------------------------------------------
gen	nevals	min     	max     	avg     	std     	min     	max     	avg     	std     
0  	100   	0       	0.685   	0.329413	0.233049	1       	5       	2.66    	1.19348 
1  	92    	0       	0.722037	0.393669	0.224512	1       	5       	2.55    	1.12583 
2  	95    	0       	0.722037	0.463644	0.191723	1       	5       	2.58    	1.0787  
3  	94    	0       	0.743333	0.496009	0.18704 	1       	5       	2.72    	1.13208 
4  	95    	0       	0.743333	0.524876	0.199417	1       	5       	2.75    	1.04283 
5  	94    	0       	0.745185	0.528765	0.202658	1       	5       	2.76    	1.09654 
6  	92    	0       	0.781481	0.542859	0.194957	1       	5       	2.7     	1.17047 
7  	97    	0       	0.781481	0.538035	0.208406	1       	5       	2.87    	1.03591 
8  	95    	0.393889	0.781481	0.640009	0.0769099	1       	4       	2.83    	0.938669
9  	93    	0       	0.787593	0.585348	0.207886 	1       	4       	2.77    	0.925797
10 	95    	0       	0.787593	0.606672	0.180029 	1       	4       	2.61    	0.904378
11 	93    	0       	0.787593	0.569365	0.228915 	1       	4       	2.62    	0.891964
12 	86    	0       	0.788519	0.620919	0.177591 	1       	4       	2.76    	0.861626
13 	96    	0       	0.788519	0.598624	0.230245 	1       	5       	3.04    	0.904655
14 	94    	0       	0.790556	0.627893	0.212192 	1       	5       	3.06    	0.925419
15 	94    	0       	0.790556	0.626774	0.217341 	1       	5       	2.98    	0.894204
16 	94    	0       	0.790556	0.613209	0.235806 	1       	5       	3.02    	0.812158
17 	92    	0       	0.790556	0.630631	0.217688 	1       	5       	3.05    	0.90967 
18 	92    	0       	0.793333	0.650833	0.204804 	2       	5       	3.04    	0.870862
19 	90    	0       	0.793333	0.631644	0.206808 	1       	5       	3.09    	0.980765
20 	90    	0       	0.793333	0.643419	0.225386 	1       	5       	3.39    	0.978724
21 	93    	0       	0.793519	0.662339	0.188815 	1       	5       	3.34    	1.0509  
22 	92    	0       	0.793519	0.6406  	0.216119 	1       	5       	3.52    	0.95373 
23 	95    	0       	0.805926	0.647728	0.216289 	1       	5       	3.61    	1.04781 
24 	94    	0       	0.807593	0.692813	0.156951 	1       	5       	3.46    	0.94255 
25 	95    	0       	0.807593	0.680513	0.16492  	1       	5       	3.48    	0.984683
26 	92    	0       	0.807593	0.657576	0.213681 	1       	5       	3.71    	0.982802
27 	93    	0       	0.807593	0.647561	0.226766 	2       	5       	3.84    	0.956243
28 	95    	0       	0.807593	0.653752	0.204627 	1       	5       	3.82    	1.01371 
29 	92    	0       	0.807593	0.637213	0.230507 	1       	5       	3.82    	0.983667
30 	97    	0.166667	0.807593	0.69868 	0.113533 	1       	5       	3.76    	1.03073 
31 	92    	0       	0.807593	0.681948	0.16468  	1       	5       	3.9     	0.964365
32 	97    	0       	0.807593	0.652707	0.225445 	2       	5       	4.06    	0.834506
33 	91    	0       	0.807593	0.650248	0.236662 	1       	5       	4.24    	0.838093
34 	93    	0       	0.807593	0.6213  	0.256922 	1       	5       	4.19    	0.891011
35 	99    	0       	0.807593	0.685043	0.17179  	1       	5       	4.12    	0.803492
36 	90    	0       	0.807593	0.670717	0.196814 	2       	5       	4.13    	0.832526
37 	94    	0       	0.807593	0.68287 	0.1928   	2       	5       	4.28    	0.7494  
38 	95    	0       	0.807593	0.638902	0.252359 	1       	5       	4.19    	0.833007
39 	94    	0       	0.807593	0.665865	0.228464 	2       	5       	4.01    	0.842556
40 	88    	0       	0.807593	0.651911	0.241622 	1       	5       	3.93    	0.897274
41 	89    	0       	0.807593	0.680711	0.182254 	1       	5       	3.81    	0.934826
42 	91    	0       	0.807593	0.687248	0.174631 	2       	5       	3.82    	0.876128
43 	94    	0       	0.807593	0.706333	0.147484 	1       	5       	3.87    	0.879261
44 	93    	0       	0.807593	0.682935	0.175542 	1       	5       	3.77    	0.957653
45 	92    	0       	0.807593	0.701339	0.141691 	1       	5       	3.75    	0.876071
46 	90    	0       	0.807593	0.684991	0.185684 	2       	5       	3.79    	0.851998
47 	97    	0       	0.807593	0.676274	0.190636 	2       	5       	3.84    	0.868562
48 	99    	0       	0.807593	0.667793	0.211039 	2       	5       	3.92    	0.757364
49 	93    	0       	0.807593	0.655789	0.215382 	1       	5       	3.93    	0.827708
50 	94    	0       	0.807593	0.641402	0.223325 	1       	5       	3.89    	0.835404
51 	98    	0       	0.807593	0.680117	0.174193 	2       	5       	3.81    	0.744245
52 	92    	0       	0.807593	0.70598 	0.140712 	1       	5       	3.83    	0.837317
53 	94    	0       	0.807593	0.675856	0.186605 	1       	5       	3.83    	0.970103
54 	96    	0       	0.807593	0.671541	0.195089 	1       	5       	3.9     	0.953939
55 	95    	0       	0.807593	0.6879  	0.160251 	1       	5       	3.84    	0.966644
56 	94    	0       	0.807593	0.65968 	0.214584 	1       	5       	3.73    	1.00851 
57 	97    	0       	0.807593	0.647987	0.198371 	1       	5       	3.6     	1.06771 
58 	94    	0       	0.807593	0.699385	0.14704  	1       	5       	3.78    	1.01568 
59 	95    	0       	0.807593	0.671807	0.192976 	1       	5       	3.66    	1.07907 
60 	92    	0       	0.807593	0.684683	0.172246 	1       	5       	3.76    	0.991161
61 	91    	0       	0.807593	0.70143 	0.1589   	2       	5       	3.69    	0.934826
62 	93    	0       	0.807593	0.695174	0.167444 	1       	5       	3.77    	0.914932
63 	90    	0       	0.807593	0.678396	0.202376 	1       	5       	3.78    	0.819512
64 	94    	0       	0.807593	0.685665	0.195741 	2       	5       	3.84    	0.783837
65 	93    	0       	0.807593	0.692485	0.160682 	1       	5       	3.73    	0.947154
66 	91    	0       	0.807593	0.663359	0.214054 	2       	5       	3.77    	0.810617
67 	97    	0       	0.807593	0.645272	0.205326 	1       	5       	3.6     	1       
68 	95    	0       	0.807593	0.6411  	0.223738 	1       	5       	3.71    	1.02269 
69 	94    	0       	0.807593	0.659431	0.193235 	1       	5       	3.65    	1.07121 
70 	95    	0       	0.807593	0.655504	0.20605  	1       	5       	3.57    	1.07009 
71 	97    	0       	0.807593	0.632207	0.227391 	2       	5       	3.77    	0.988484
72 	93    	0       	0.807593	0.664035	0.19841  	1       	5       	3.67    	1.05882 
73 	90    	0       	0.807593	0.674048	0.187464 	1       	5       	3.74    	0.934024
74 	94    	0       	0.807593	0.657574	0.189131 	1       	5       	3.75    	0.963068
75 	95    	0       	0.807593	0.629007	0.237324 	1       	5       	3.63    	0.879261
76 	94    	0       	0.807593	0.688476	0.167182 	1       	5       	3.64    	0.964572
77 	95    	0.166667	0.807593	0.722615	0.0963057	2       	5       	3.62    	0.857671
78 	86    	0       	0.807593	0.68948 	0.163701 	1       	5       	3.57    	0.972163
79 	96    	0       	0.807593	0.666015	0.218452 	1       	5       	3.64    	0.954149
80 	93    	0       	0.807593	0.660096	0.218076 	1       	5       	3.55    	1.01366 
81 	89    	0       	0.807593	0.675143	0.202123 	1       	5       	3.65    	1.11692 
82 	91    	0       	0.807593	0.660772	0.208185 	1       	5       	3.72    	1.23353 
83 	89    	0       	0.807593	0.67468 	0.175915 	1       	5       	3.88    	1.098   
84 	96    	0       	0.807593	0.691413	0.152179 	1       	5       	3.89    	1.19912 
85 	98    	0       	0.807593	0.64903 	0.22588  	1       	5       	3.89    	1.11261 
86 	92    	0       	0.807593	0.667954	0.198564 	1       	5       	3.88    	1.02255 
87 	88    	0       	0.807593	0.679844	0.185258 	1       	5       	3.92    	1.02645 
88 	88    	0       	0.807593	0.685389	0.179335 	2       	5       	3.96    	0.88227 
89 	96    	0       	0.807593	0.645063	0.235141 	1       	5       	3.96    	0.93723 
90 	92    	0       	0.807593	0.667887	0.197671 	1       	5       	3.88    	0.95163 
91 	95    	0       	0.807593	0.654857	0.2106   	1       	5       	3.94    	0.936162
92 	96    	0       	0.807593	0.637976	0.230615 	1       	5       	3.94    	1.06602 
93 	93    	0       	0.807593	0.674074	0.195395 	1       	5       	3.91    	0.990909
94 	95    	0       	0.807593	0.68318 	0.184788 	1       	5       	4.12    	1.03228 
95 	94    	0       	0.807593	0.696359	0.168195 	1       	5       	4.11    	1.08531 
96 	92    	0       	0.807593	0.621428	0.249483 	1       	5       	4.13    	1.01642 
97 	93    	0       	0.807593	0.677424	0.184621 	1       	5       	4.19    	1.0266  
98 	98    	0       	0.807593	0.650265	0.220594 	1       	5       	4.31    	0.996945
99 	94    	0       	0.807593	0.661841	0.221595 	1       	5       	4.33    	0.949263
100	96    	0       	0.807593	0.625298	0.251283 	1       	5       	4.24    	0.949947
--- 7692.116172790527 sec ---
