   	      	                        fitness                         	                          size                          
   	      	--------------------------------------------------------	--------------------------------------------------------
gen	nevals	min     	max     	avg      	std     	min     	max     	avg     	std     
0  	100   	0       	0.193206	0.0624619	0.05682 	1       	5       	2.53    	1.18706 
1  	97    	0       	0.19614 	0.0866231	0.0600648	1       	4       	2.37    	1.07382 
2  	95    	0       	0.209831	0.106431 	0.059179 	1       	5       	2.3     	1.18743 
3  	93    	0       	0.210765	0.118564 	0.0590733	1       	4       	2.45    	1.17792 
4  	94    	0       	0.220311	0.126498 	0.0576147	1       	5       	2.52    	1.2687  
5  	95    	0       	0.220311	0.135355 	0.0581472	1       	5       	2.67    	1.31951 
6  	95    	0       	0.220311	0.148064 	0.0539146	1       	5       	2.78    	1.25363 
7  	96    	0       	0.223081	0.103932 	0.0869084	1       	5       	2.83    	1.217   
--- 3676.8406586647034 sec ---
