   	      	                        fitness                         	                          size                          
   	      	--------------------------------------------------------	--------------------------------------------------------
gen	nevals	min     	max     	avg     	std     	min     	max     	avg     	std     
0  	100   	0       	0.984257	0.432665	0.341484	1       	4       	2.69    	1.11081 
1  	80    	0       	0.992817	0.561497	0.320075	1       	4       	2.46    	1.16979 
2  	79    	0       	0.992817	0.677233	0.296339	1       	4       	2.53    	1.21206 
3  	75    	0       	0.992817	0.744105	0.2591  	1       	4       	2.45    	1.15217 
4  	72    	0       	0.992817	0.773474	0.268659	1       	4       	2.37    	1.1546  
5  	71    	0       	0.993759	0.835986	0.197686	1       	5       	2.31    	1.18064 
6  	80    	0       	0.993759	0.819378	0.248365	1       	5       	2.45    	1.2278  
7  	74    	0       	0.993759	0.869749	0.216004	1       	5       	2.49    	1.15321 
8  	78    	0       	0.995041	0.872856	0.26657 	1       	5       	2.53    	1.1786  
9  	76    	0       	0.995041	0.869657	0.25127 	1       	5       	2.64    	1.17915 
10 	75    	0       	0.995041	0.898342	0.231295	1       	5       	2.66    	1.36543 
11 	62    	0       	0.995041	0.903302	0.249856	1       	5       	2.38    	1.27891 
12 	51    	0       	0.995041	0.909228	0.226664	1       	5       	2.31    	1.2625  
13 	62    	0       	0.995041	0.894637	0.248906	1       	5       	2.27    	1.1735  
--- 3601.6711750030518 sec ---
