   	      	                        fitness                         	                          size                          
   	      	--------------------------------------------------------	--------------------------------------------------------
gen	nevals	min     	max     	avg     	std     	min     	max     	avg     	std     
0  	100   	0       	0.738259	0.414316	0.240033	1       	5       	2.53    	1.18706 
1  	96    	0       	0.739262	0.471852	0.209858	1       	5       	2.4     	1.16619 
2  	99    	0       	0.765155	0.486133	0.208822	1       	5       	2.45    	1.2278  
3  	91    	0       	0.780775	0.546345	0.180939	1       	5       	2.61    	1.21569 
4  	95    	0       	0.781051	0.587427	0.160266	1       	5       	2.45    	1.2278  
5  	93    	0       	0.787968	0.624047	0.175635	1       	5       	2.27    	1.16495 
6  	94    	0       	0.787968	0.121185	0.26091 	1       	5       	2.25    	1.1694  
--- 21608.398832559586 sec ---
