   	      	                        fitness                         	                          size                          
   	      	--------------------------------------------------------	--------------------------------------------------------
gen	nevals	min     	max     	avg     	std     	min     	max     	avg     	std     
0  	100   	0       	0.870319	0.578734	0.346422	1       	5       	2.79    	1.20246 
1  	90    	0       	0.870595	0.729174	0.254618	1       	5       	2.54    	1.26823 
2  	97    	0       	0.873206	0.746535	0.253278	1       	4       	2.4     	1.16619 
3  	99    	0       	0.873206	0.717394	0.294469	1       	5       	2.49    	1.19578 
4  	96    	0       	0.873206	0.760901	0.268479	1       	5       	2.64    	1.26111 
5  	94    	0       	0.874296	0.755767	0.254346	1       	4       	2.5     	1.19583 
6  	97    	0       	0.874296	0.771692	0.245923	1       	5       	2.65    	1.2278  
7  	97    	0       	0.874296	0.26006 	0.391902	1       	4       	2.6     	1.15758 
--- 3613.1760239601135 sec ---
