   	      	                        fitness                         	                          size                          
   	      	--------------------------------------------------------	--------------------------------------------------------
gen	nevals	min     	max     	avg     	std     	min     	max     	avg     	std     
0  	100   	0       	0.7698  	0.202371	0.235364	1       	5       	2.93    	1.05124 
1  	97    	0       	0.7698  	0.244853	0.248329	1       	5       	2.84    	1.102   
2  	96    	0       	0.7698  	0.316585	0.253456	1       	5       	2.73    	1.01838 
3  	94    	0       	0.7698  	0.398093	0.240972	1       	4       	2.5     	1.0247  
4  	93    	0       	0.7808  	0.416188	0.245432	1       	4       	2.62    	0.997798
5  	97    	0       	0.7808  	0.502562	0.207963	1       	4       	2.57    	1.04168 
6  	95    	0       	0.7808  	0.030332	0.133016	1       	5       	2.76    	1.12357 
--- 21690.751546382904 sec ---
