   	      	                        fitness                         	                          size                          
   	      	--------------------------------------------------------	--------------------------------------------------------
gen	nevals	min     	max     	avg     	std     	min     	max     	avg     	std     
0  	100   	0       	0.959006	0.381015	0.313737	1       	5       	2.81    	1.0742  
1  	76    	0       	0.962855	0.541344	0.302219	1       	4       	2.7     	1.09087 
2  	73    	0       	0.971197	0.62685 	0.289446	1       	4       	2.61    	1.09449 
3  	72    	0       	0.971197	0.671567	0.285151	1       	5       	2.45    	1.12583 
4  	77    	0       	0.971197	0.780485	0.204937	1       	4       	2.3     	1.07238 
5  	72    	0       	0.971197	0.827511	0.174285	1       	4       	2.22    	1.06377 
6  	69    	0       	0.973725	0.844844	0.210378	1       	4       	2.08    	0.923905
7  	78    	0       	0.973725	0.815046	0.278382	1       	5       	2.11    	0.947576
8  	80    	0       	0.973725	0.833248	0.278956	1       	5       	2.09    	0.980765
9  	72    	0       	0.973725	0.861461	0.228487	1       	4       	1.86    	0.824864
10 	74    	0       	0.977469	0.883809	0.230397	1       	4       	1.83    	0.837317
11 	65    	0       	0.977469	0.855304	0.257246	1       	4       	1.76    	0.776144
12 	65    	0.25    	0.977469	0.932186	0.117794	1       	4       	1.72    	0.708237
13 	60    	0       	0.977469	0.884861	0.230367	1       	4       	1.72    	0.708237
14 	53    	0       	0.977469	0.707165	0.413141	1       	4       	1.74    	0.769675
--- 3605.0231626033783 sec ---
