   	      	                        fitness                         	                          size                          
   	      	--------------------------------------------------------	--------------------------------------------------------
gen	nevals	min     	max     	avg     	std     	min     	max     	avg     	std     
0  	100   	0       	0.743929	0.360667	0.278195	1       	5       	2.98    	1.21639 
1  	92    	0       	0.743929	0.444463	0.247418	1       	5       	3.08    	1.06471 
2  	94    	0       	0.750762	0.538146	0.1779  	1       	5       	3.01    	0.994937
3  	94    	0       	0.750762	0.569674	0.178372	1       	5       	3.02    	0.916297
4  	96    	0       	0.752235	0.586234	0.199023	1       	5       	2.94    	1.00817 
5  	90    	0       	0.759683	0.607951	0.193209	1       	5       	2.99    	1.03436 
6  	95    	0       	0.773122	0.581837	0.245147	1       	5       	2.88    	0.941063
--- 43319.25862264633 sec ---
