   	      	                        fitness                         	                          size                          
   	      	--------------------------------------------------------	--------------------------------------------------------
gen	nevals	min     	max     	avg     	std     	min     	max     	avg     	std     
0  	100   	0       	0.970989	0.592141	0.44319 	1       	5       	2.78    	1.07313 
1  	91    	0       	0.975658	0.738602	0.358342	1       	5       	2.66    	1.06977 
2  	94    	0       	0.975658	0.817891	0.30463 	1       	5       	2.62    	1.18136 
3  	93    	0       	0.975658	0.790243	0.349655	1       	5       	2.97    	1.1786  
4  	91    	0       	0.975658	0.857284	0.278749	1       	5       	3.13    	1.11045 
5  	90    	0       	0.975658	0.857537	0.270706	1       	5       	3.09    	1.17554 
6  	89    	0       	0.975658	0.908569	0.194518	1       	5       	3.18    	1.06189 
7  	89    	0       	0.975658	0.935931	0.13949 	1       	5       	3.32    	1.01863 
8  	95    	0       	0.975658	0.927131	0.170469	1       	5       	3.31    	1.0459  
9  	93    	0       	0.975658	0.906023	0.229349	1       	5       	3.41    	1.1054  
10 	95    	0       	0.975658	0.922876	0.190042	1       	5       	3.3     	1.22066 
11 	97    	0       	0.975658	0.915254	0.198504	1       	5       	3.08    	1.19733 
12 	97    	0       	0.975658	0.893113	0.2497  	1       	5       	2.94    	1.22327 
13 	95    	0       	0.975658	0.894743	0.247234	1       	5       	3.08    	1.12854 
14 	95    	0       	0.975658	0.923418	0.19131 	1       	5       	3       	1.06771 
15 	98    	0       	0.975658	0.912405	0.212529	1       	5       	2.98    	1.05811 
16 	91    	0.528125	0.975658	0.957903	0.0597784	1       	5       	2.91    	1.1584  
17 	93    	0       	0.975658	0.901544	0.220059 	1       	5       	2.75    	1.17792 
18 	93    	0       	0.975658	0.906447	0.217997 	1       	5       	2.75    	1.25996 
19 	90    	0       	0.975658	0.885528	0.253268 	1       	5       	2.79    	1.19411 
20 	93    	0       	0.975658	0.883551	0.264769 	1       	5       	2.74    	1.2619  
21 	95    	0       	0.975658	0.910859	0.201898 	1       	5       	2.61    	1.21569 
22 	92    	0       	0.975658	0.921227	0.195661 	1       	5       	3.06    	1.04709 
23 	97    	0       	0.975658	0.891343	0.23938  	1       	5       	3.21    	0.930537
24 	94    	0       	0.975658	0.889611	0.262508 	1       	5       	3.35    	0.792149
25 	97    	0.789054	0.975658	0.965549	0.0205763	1       	5       	3.29    	0.73885 
26 	88    	0       	0.975658	0.943043	0.143112 	1       	5       	3.1     	0.842615
27 	86    	0       	0.975658	0.894749	0.24696  	1       	5       	2.99    	0.932684
28 	93    	0       	0.975658	0.917902	0.211032 	1       	5       	2.96    	0.88227 
29 	91    	0       	0.975658	0.927832	0.189589 	1       	5       	2.91    	0.949684
30 	91    	0       	0.975658	0.894926	0.249929 	1       	4       	2.9     	0.953939
31 	86    	0       	0.975658	0.945151	0.117056 	1       	4       	2.88    	1.03228 
32 	95    	0       	0.975658	0.900946	0.234165 	1       	4       	2.81    	1.03629 
33 	97    	0       	0.975658	0.91556 	0.21247  	1       	5       	2.76    	1.14996 
34 	90    	0       	0.975658	0.954639	0.0981971	1       	4       	2.83    	1.09595 
35 	90    	0       	0.975658	0.956919	0.0974439	1       	4       	2.64    	1.17915 
36 	88    	0       	0.975658	0.87915 	0.264053 	1       	5       	2.74    	1.2379  
37 	94    	0       	0.975658	0.954998	0.09719  	1       	5       	2.82    	1.22784 
38 	91    	0       	0.975658	0.881799	0.264923 	1       	5       	3.01    	1.17043 
39 	90    	0       	0.975658	0.904044	0.229594 	1       	5       	3.12    	1.07963 
40 	92    	0       	0.975658	0.936571	0.165574 	1       	5       	3.07    	0.992522
41 	89    	0       	0.975658	0.938788	0.165593 	1       	5       	3.01    	0.964313
42 	94    	0       	0.975658	0.913341	0.215205 	1       	5       	2.95    	1.06184 
43 	94    	0       	0.975658	0.940108	0.148814 	1       	5       	3.25    	0.864581
44 	96    	0       	0.975658	0.915233	0.211516 	1       	5       	3.32    	0.988737
45 	91    	0       	0.975658	0.912363	0.216213 	1       	5       	3.02    	1.01961 
46 	92    	0       	0.975658	0.91449 	0.211246 	1       	5       	2.99    	0.994937
47 	97    	0       	0.975658	0.935324	0.149382 	1       	5       	2.81    	1.03629 
48 	89    	0       	0.975658	0.915783	0.210754 	1       	5       	2.76    	1.16722 
49 	94    	0       	0.975658	0.937501	0.165189 	1       	4       	2.67    	1.16666 
50 	92    	0       	0.975658	0.940895	0.142975 	1       	4       	2.75    	1.12583 
51 	92    	0       	0.975658	0.894687	0.235277 	1       	5       	2.84    	1.06508 
52 	95    	0       	0.975658	0.892339	0.247761 	1       	4       	2.7     	1.09087 
53 	90    	0       	0.975658	0.8922  	0.247672 	1       	5       	2.79    	1.13398 
54 	88    	0       	0.975658	0.946685	0.136087 	1       	4       	2.79    	1.01287 
55 	90    	0       	0.975658	0.926163	0.190177 	1       	5       	2.78    	0.922822
56 	93    	0       	0.975658	0.916552	0.210829 	1       	5       	2.94    	0.946784
57 	90    	0       	0.977298	0.87282 	0.279017 	1       	4       	2.94    	0.998198
58 	87    	0       	0.977298	0.934363	0.170928 	1       	4       	2.71    	0.90879 
59 	93    	0       	0.977298	0.888601	0.262437 	1       	5       	2.93    	0.8747  
60 	91    	0       	0.977298	0.910007	0.21795  	1       	5       	2.96    	0.786384
61 	90    	0       	0.977298	0.887663	0.262369 	1       	4       	2.91    	0.837795
62 	87    	0       	0.977298	0.948938	0.1167   	1       	5       	3.04    	0.893532
63 	92    	0       	0.977298	0.904698	0.233653 	1       	5       	3.31    	0.924067
64 	93    	0       	0.977298	0.914407	0.215276 	1       	5       	3.55    	0.852936
65 	86    	0       	0.977298	0.897642	0.248395 	1       	5       	3.39    	0.915369
66 	93    	0       	0.977298	0.93306 	0.166747 	1       	5       	3.34    	0.971802
67 	90    	0       	0.977298	0.936009	0.165596 	1       	5       	3.18    	0.876128
68 	91    	0       	0.977298	0.901557	0.234198 	1       	5       	3.3     	0.793725
69 	94    	0       	0.977298	0.92007 	0.192602 	1       	5       	3.26    	0.807713
70 	90    	0       	0.977298	0.916646	0.211134 	1       	5       	3.36    	0.793977
71 	90    	0       	0.977298	0.937706	0.165498 	1       	5       	3.19    	0.833007
72 	88    	0       	0.977298	0.911326	0.213372 	1       	5       	3.35    	0.726292
73 	91    	0       	0.977298	0.925545	0.190345 	1       	4       	3.31    	0.730685
74 	96    	0       	0.977298	0.898646	0.247412 	1       	4       	3.34    	0.681469
75 	91    	0       	0.977298	0.912144	0.2152   	1       	4       	3.28    	0.722219
76 	92    	0       	0.977298	0.889488	0.262608 	2       	5       	3.32    	0.705408
77 	97    	0       	0.977298	0.906071	0.233713 	1       	5       	3.37    	0.687823
78 	89    	0       	0.977298	0.906346	0.233733 	1       	5       	3.25    	0.698212
79 	94    	0       	0.977298	0.911279	0.216077 	1       	4       	3.12    	0.738647
80 	94    	0       	0.977298	0.91479 	0.212921 	2       	5       	3.23    	0.614085
81 	97    	0       	0.977298	0.876315	0.279796 	1       	5       	3.29    	0.637103
82 	96    	0       	0.977298	0.925776	0.190592 	1       	4       	3.26    	0.626418
83 	88    	0       	0.977298	0.895231	0.24001  	1       	5       	3.17    	0.775306
84 	91    	0       	0.977298	0.874393	0.279589 	1       	5       	3.18    	0.698284
85 	96    	0       	0.977298	0.860562	0.303107 	1       	5       	3.15    	0.606218
86 	94    	0       	0.977298	0.929022	0.190136 	1       	5       	3       	0.616441
87 	88    	0       	0.977298	0.942358	0.145425 	1       	4       	2.87    	0.482804
88 	91    	0       	0.977298	0.932983	0.157193 	1       	4       	2.82    	0.638436
89 	92    	0       	0.977298	0.915324	0.203514 	1       	5       	2.88    	0.752064
90 	89    	0       	0.977298	0.9173  	0.19957  	1       	4       	2.88    	0.69685 
91 	88    	0       	0.977298	0.918613	0.212009 	1       	5       	3       	0.707107
92 	86    	0       	0.977298	0.960368	0.096636 	2       	4       	2.98    	0.663023
93 	90    	0       	0.977298	0.912207	0.215159 	1       	5       	3.01    	0.714073
94 	96    	0       	0.977298	0.931985	0.168698 	1       	5       	2.9     	0.781025
95 	96    	0       	0.977298	0.893924	0.249954 	1       	5       	3.12    	0.711056
96 	92    	0.794172	0.977298	0.965781	0.0239219	1       	4       	3.04    	0.773563
97 	91    	0       	0.977298	0.925534	0.195008 	1       	5       	3.07    	0.764918
98 	95    	0       	0.977298	0.948396	0.13662  	1       	4       	3.04    	0.691665
99 	87    	0       	0.977298	0.897313	0.25062  	1       	5       	3.06    	0.75921 
100	94    	0       	0.977298	0.906091	0.233754 	1       	5       	2.94    	0.732393
--- 6803.371324300766 sec ---
