   	      	                        fitness                         	                          size                          
   	      	--------------------------------------------------------	--------------------------------------------------------
gen	nevals	min     	max     	avg     	std     	min     	max     	avg     	std     
0  	100   	0       	0.925914	0.472648	0.386436	1       	5       	2.78    	1.07313 
1  	96    	0       	0.928861	0.610409	0.364017	1       	5       	2.72    	1.09618 
2  	91    	0       	0.929835	0.690508	0.320874	1       	5       	2.74    	1.11911 
3  	89    	0       	0.929835	0.753672	0.293276	1       	5       	2.56    	1.21918 
4  	92    	0       	0.935675	0.7902  	0.251733	1       	5       	2.46    	1.10833 
5  	95    	0       	0.935675	0.814247	0.259779	1       	5       	2.64    	1.20433 
6  	93    	0       	0.937307	0.731502	0.340679	1       	5       	2.63    	1.17179 
7  	89    	0       	0.937307	0.299852	0.417528	1       	5       	2.75    	1.08972 
--- 3612.8191068172455 sec ---
