   	      	                        fitness                         	                          size                          
   	      	--------------------------------------------------------	--------------------------------------------------------
gen	nevals	min     	max     	avg     	std     	min     	max     	avg     	std     
0  	100   	0       	0.750699	0.356884	0.273525	1       	5       	2.8     	1.22474 
1  	95    	0       	0.761744	0.489197	0.220251	1       	5       	2.75    	1.13468 
2  	95    	0       	0.771788	0.521975	0.228203	1       	5       	2.96    	1.14822 
3  	92    	0       	0.771788	0.570581	0.208554	1       	5       	3.09    	1.07791 
4  	96    	0       	0.771788	0.599209	0.205802	1       	5       	3.03    	1.09959 
5  	94    	0       	0.771788	0.188099	0.311402	1       	5       	2.95    	0.973396
--- 43237.384466171265 sec ---
