   	      	                        fitness                         	                          size                          
   	      	--------------------------------------------------------	--------------------------------------------------------
gen	nevals	min     	max     	avg     	std     	min     	max     	avg     	std     
0  	100   	0       	0.967828	0.580738	0.431796	1       	5       	2.74    	1.03557 
1  	98    	0       	0.970799	0.702418	0.392809	1       	4       	2.65    	1.02347 
2  	93    	0       	0.970799	0.813807	0.312186	1       	4       	2.78    	0.944246
3  	97    	0       	0.972285	0.874184	0.239405	1       	4       	2.89    	0.958071
4  	93    	0       	0.972285	0.887047	0.234021	1       	5       	2.79    	1.05162 
5  	93    	0       	0.972285	0.873313	0.256377	1       	4       	2.95    	1.0332  
6  	92    	0       	0.972285	0.872404	0.266152	1       	5       	3.24    	0.98102 
7  	95    	0       	0.972439	0.88366 	0.251239	1       	4       	3.35    	0.90967 
8  	93    	0       	0.972439	0.855007	0.292835	1       	4       	3.47    	0.767529
9  	92    	0       	0.972439	0.874964	0.266572	1       	5       	3.44    	0.80399 
10 	97    	0       	0.972439	0.875022	0.275787	1       	5       	3.54    	0.78    
11 	92    	0       	0.973924	0.892397	0.245974	1       	5       	3.55    	0.71239 
12 	93    	0       	0.973924	0.885627	0.261595	1       	5       	3.64    	0.741889
13 	96    	0       	0.973924	0.945626	0.115198	1       	5       	3.6     	0.69282 
14 	97    	0       	0.973924	0.934723	0.164831	2       	5       	3.64    	0.640625
15 	93    	0       	0.973924	0.92713 	0.168924	1       	4       	3.57    	0.751731
16 	95    	0       	0.973924	0.880681	0.264393	1       	5       	3.57    	0.738309
17 	93    	0       	0.973924	0.890367	0.249144	1       	5       	3.52    	0.805978
18 	92    	0       	0.973924	0.872896	0.278569	1       	5       	3.53    	0.83012 
19 	98    	0       	0.974078	0.871892	0.269595	1       	5       	3.39    	0.968452
20 	94    	0       	0.974078	0.939178	0.143034	1       	4       	3.58    	0.737292
21 	95    	0       	0.974078	0.917031	0.210669	1       	4       	3.6     	0.707107
22 	95    	0       	0.974078	0.918355	0.193468	1       	5       	3.5     	0.888819
23 	94    	0       	0.974078	0.91372 	0.21477 	1       	5       	3.56    	0.828493
24 	94    	0       	0.974078	0.95361 	0.101683	1       	5       	3.67    	0.693614
25 	88    	0       	0.974078	0.91824 	0.210779	1       	5       	3.59    	0.736139
26 	91    	0       	0.974078	0.924473	0.19011 	1       	5       	3.49    	0.842556
27 	94    	0       	0.974078	0.92197 	0.194233	1       	5       	3.51    	0.899944
28 	93    	0       	0.974078	0.912601	0.214977	1       	5       	3.37    	0.923634
29 	94    	0       	0.974078	0.854198	0.304608	1       	5       	3.2     	0.916515
30 	94    	0       	0.974078	0.938548	0.149274	1       	5       	3.16    	0.945727
31 	95    	0       	0.974078	0.908616	0.229645	1       	5       	3.18    	0.973447
32 	89    	0       	0.974078	0.901622	0.222811	1       	5       	3.15    	0.89861 
33 	92    	0       	0.974078	0.917789	0.19854 	1       	5       	3.14    	0.959375
34 	89    	0       	0.974078	0.940281	0.124552	1       	4       	2.92    	0.96623 
35 	86    	0       	0.974078	0.928432	0.158492	1       	4       	2.91    	0.949684
36 	88    	0       	0.974078	0.953928	0.0972869	1       	4       	2.76    	0.861626
37 	89    	0       	0.974078	0.956315	0.0970234	1       	4       	2.85    	0.931397
38 	89    	0       	0.974078	0.921306	0.192047 	1       	4       	3.03    	0.8995  
39 	85    	0       	0.974078	0.895949	0.250295 	1       	5       	3.19    	0.934826
40 	91    	0       	0.974078	0.916813	0.210993 	1       	5       	3.21    	0.90879 
41 	93    	0       	0.974078	0.930998	0.171095 	1       	5       	3.19    	1.0266  
42 	91    	0       	0.974078	0.902278	0.233187 	2       	5       	3.14    	0.948894
43 	85    	0       	0.974078	0.937011	0.165353 	1       	5       	3.08    	0.955824
44 	90    	0       	0.974078	0.936775	0.165066 	1       	5       	3.13    	0.965971
45 	87    	0       	0.974078	0.94824 	0.135592 	1       	5       	3.16    	1.00717 
46 	82    	0       	0.974078	0.936833	0.166612 	1       	5       	3.3     	1.01489 
47 	86    	0       	0.974078	0.902737	0.233597 	1       	5       	3.38    	0.903106
48 	83    	0       	0.974078	0.937146	0.149427 	1       	5       	3.27    	0.957653
49 	90    	0       	0.974078	0.936574	0.156013 	1       	5       	3.21    	0.962237
50 	89    	0       	0.974078	0.880281	0.277031 	1       	5       	3.17    	0.970103
51 	89    	0       	0.974078	0.924299	0.194574 	1       	5       	2.95    	1.08051 
52 	82    	0       	0.974078	0.910368	0.230171 	1       	5       	3.08    	1.13737 
53 	89    	0       	0.974078	0.869514	0.279099 	1       	5       	2.97    	1.11763 
54 	95    	0       	0.974078	0.90436 	0.229725 	1       	5       	2.96    	1.07629 
55 	89    	0       	0.974078	0.911855	0.203003 	1       	5       	2.85    	1.11692 
56 	85    	0       	0.974078	0.949084	0.108476 	1       	5       	2.76    	0.906863
57 	79    	0       	0.974078	0.891548	0.262997 	2       	5       	2.86    	0.872009
58 	76    	0       	0.974078	0.891839	0.263084 	1       	5       	2.77    	0.858545
59 	85    	0       	0.974078	0.932463	0.156855 	1       	5       	2.5     	0.781025
60 	84    	0       	0.974078	0.865411	0.289191 	1       	5       	2.66    	0.885664
61 	88    	0       	0.974078	0.937386	0.144323 	1       	5       	2.62    	0.935735
62 	85    	0       	0.974078	0.92656 	0.189935 	1       	5       	2.75    	0.90967 
63 	87    	0       	0.974078	0.91182 	0.215029 	1       	5       	2.66    	0.862786
64 	78    	0       	0.974078	0.947994	0.135752 	1       	5       	2.61    	0.823347
65 	91    	0       	0.974078	0.889603	0.242752 	1       	5       	2.69    	0.891011
66 	86    	0       	0.974078	0.898718	0.24678  	1       	4       	2.74    	0.807713
67 	86    	0       	0.974078	0.893244	0.249694 	2       	4       	2.93    	0.764918
68 	88    	0       	0.974078	0.884244	0.265065 	1       	5       	2.92    	0.808455
69 	87    	0       	0.974078	0.933075	0.155467 	1       	4       	2.72    	0.84947 
70 	86    	0       	0.974078	0.927734	0.189494 	1       	4       	2.81    	0.820914
71 	75    	0       	0.974078	0.908978	0.229956 	1       	5       	2.8     	0.916515
72 	89    	0       	0.974078	0.896278	0.24641  	1       	5       	2.77    	0.914932
73 	87    	0       	0.974078	0.927024	0.189437 	1       	4       	2.72    	0.837616
74 	82    	0       	0.974078	0.915758	0.210653 	1       	5       	2.76    	0.849941
75 	92    	0       	0.974078	0.920959	0.195094 	1       	5       	2.82    	0.887468
76 	89    	0       	0.974078	0.887763	0.25267  	1       	4       	2.87    	0.795676
77 	87    	0       	0.974078	0.896352	0.236267 	2       	5       	3.04    	0.835703
78 	93    	0       	0.974078	0.928088	0.189628 	2       	5       	3.1     	0.888819
79 	90    	0       	0.974078	0.90162 	0.233372 	1       	5       	3.01    	1.01484 
80 	89    	0       	0.974078	0.944117	0.136745 	1       	5       	2.99    	1.05352 
81 	88    	0       	0.974078	0.922998	0.194855 	1       	5       	2.95    	1.09886 
82 	91    	0       	0.974078	0.939219	0.149422 	1       	5       	2.87    	1.0831  
83 	88    	0       	0.974078	0.847063	0.316276 	1       	5       	2.99    	1.17043 
84 	90    	0       	0.974078	0.880337	0.265887 	1       	5       	2.88    	1.098   
85 	89    	0       	0.974078	0.903691	0.2218   	1       	5       	2.65    	0.973396
86 	91    	0       	0.974078	0.917551	0.210821 	1       	5       	2.55    	0.952628
87 	85    	0       	0.974078	0.908457	0.229718 	1       	5       	2.57    	0.930108
88 	82    	0       	0.974078	0.883285	0.265035 	1       	5       	2.63    	0.923634
89 	83    	0       	0.974078	0.894182	0.250052 	1       	5       	2.54    	0.876584
90 	88    	0       	0.974078	0.897753	0.236515 	1       	4       	2.59    	0.861336
91 	83    	0       	0.974078	0.897354	0.233664 	1       	5       	2.61    	0.915369
92 	91    	0       	0.974078	0.899367	0.235618 	1       	4       	2.69    	0.902164
93 	86    	0       	0.974078	0.916301	0.210644 	1       	5       	2.8     	0.948683
94 	93    	0       	0.974078	0.889468	0.249852 	1       	5       	2.8     	0.959166
95 	90    	0       	0.974078	0.892969	0.239596 	1       	4       	2.63    	0.912743
96 	90    	0       	0.974078	0.913878	0.211409 	1       	5       	2.62    	0.914112
97 	92    	0       	0.974078	0.913588	0.211015 	1       	5       	2.59    	0.906587
98 	86    	0       	0.974078	0.932541	0.167551 	1       	4       	2.52    	0.842378
99 	86    	0       	0.974078	0.900805	0.233625 	1       	5       	2.62    	0.914112
100	91    	0       	0.974078	0.905364	0.232869 	1       	5       	2.64    	0.954149
--- 8079.214293956757 sec ---
