   	      	                        fitness                         	                          size                          
   	      	--------------------------------------------------------	--------------------------------------------------------
gen	nevals	min     	max     	avg     	std     	min     	max     	avg     	std     
0  	100   	0       	0.871706	0.504628	0.376582	1       	4       	2.7     	1.04403 
1  	99    	0       	0.873507	0.590648	0.343464	1       	5       	2.9     	1.05357 
2  	95    	0       	0.876547	0.693344	0.291698	1       	5       	2.75    	1.04283 
3  	92    	0       	0.876547	0.729473	0.26532 	1       	5       	2.67    	1.00055 
4  	94    	0       	0.876547	0.781217	0.213005	1       	5       	2.72    	1.04    
5  	94    	0       	0.876547	0.796595	0.197266	1       	5       	2.68    	0.947418
6  	96    	0       	0.876547	0.491083	0.421512	1       	5       	2.87    	1.05504 
--- 3614.1930367946625 sec ---
