   	      	                        fitness                         	                          size                          
   	      	--------------------------------------------------------	--------------------------------------------------------
gen	nevals	min     	max     	avg     	std     	min     	max     	avg     	std     
0  	100   	0       	0.745116	0.400577	0.264773	1       	5       	2.78    	1.16258 
1  	93    	0       	0.758035	0.47558 	0.227795	1       	5       	2.65    	1.12583 
2  	93    	0       	0.768399	0.506853	0.226472	1       	5       	2.65    	1.12583 
3  	88    	0       	0.768399	0.539085	0.224116	1       	5       	2.77    	1.1735  
4  	91    	0       	0.768399	0.575007	0.218645	1       	5       	2.69    	1.08347 
5  	95    	0       	0.778238	0.594756	0.214047	1       	5       	2.63    	1.07382 
6  	96    	0       	0.778238	0.446438	0.333191	1       	5       	2.67    	1.05882 
--- 43320.609964609146 sec ---
