   	      	                        fitness                         	                          size                          
   	      	--------------------------------------------------------	--------------------------------------------------------
gen	nevals	min     	max     	avg     	std     	min     	max     	avg     	std     
0  	100   	0       	0.915757	0.545193	0.373984	1       	5       	2.69    	1.28604 
1  	96    	0       	0.922711	0.669667	0.311643	1       	5       	2.41    	1.20079 
2  	98    	0       	0.926742	0.721094	0.292446	1       	5       	2.21    	1.09813 
3  	95    	0       	0.928742	0.785987	0.236481	1       	5       	2.06    	1.06602 
4  	94    	0       	0.928742	0.812424	0.220519	1       	4       	2.23    	1.1389  
5  	92    	0       	0.928742	0.767394	0.289251	1       	5       	2.32    	1.16516 
6  	90    	0       	0.928742	0.787586	0.247756	1       	5       	2.4     	1.17473 
7  	91    	0       	0.928742	0.520219	0.437543	1       	4       	2.17    	1.06822 
--- 3601.8541190624237 sec ---
