   	      	                        fitness                         	                          size                          
   	      	--------------------------------------------------------	--------------------------------------------------------
gen	nevals	min     	max     	avg     	std     	min     	max     	avg     	std     
0  	100   	0       	0.732266	0.374734	0.266608	1       	4       	2.7     	1.04403 
1  	97    	0       	0.732266	0.466222	0.231225	1       	5       	2.98    	1.02937 
2  	93    	0       	0.771356	0.522589	0.180009	1       	4       	2.9     	0.943398
3  	93    	0       	0.771356	0.547888	0.158579	1       	5       	2.63    	1.02621 
4  	96    	0       	0.771356	0.56979 	0.153522	1       	5       	2.75    	1.15217 
5  	94    	0       	0.832917	0.379782	0.295299	1       	5       	2.8     	1.1225  
--- 3602.042908191681 sec ---
