   	      	                        fitness                         	                          size                          
   	      	--------------------------------------------------------	--------------------------------------------------------
gen	nevals	min     	max     	avg     	std     	min     	max     	avg     	std     
0  	100   	0       	0.750771	0.398454	0.262042	1       	5       	2.69    	1.28604 
1  	93    	0       	0.759296	0.498255	0.223197	1       	5       	2.59    	1.24976 
2  	93    	0       	0.791096	0.547908	0.175763	1       	5       	2.31    	1.28604 
3  	95    	0       	0.791096	0.567553	0.200459	1       	4       	2.29    	1.22715 
4  	91    	0       	0.791096	0.524829	0.258094	1       	5       	2.47    	1.22845 
5  	91    	0       	0.791096	0.623969	0.167416	1       	4       	2.35    	1.19478 
6  	93    	0       	0.791096	0.50497 	0.293168	1       	4       	2.49    	1.17043 
--- 43235.06638121605 sec ---
