   	      	                        fitness                         	                          size                          
   	      	--------------------------------------------------------	--------------------------------------------------------
gen	nevals	min     	max     	avg     	std     	min     	max     	avg     	std     
0  	100   	0       	0.73117 	0.385277	0.268554	1       	5       	2.65    	1.17792 
1  	78    	0       	0.794424	0.538387	0.169853	1       	5       	2.33    	1.05882 
2  	79    	0       	0.794424	0.588733	0.124492	1       	5       	2.26    	1.03557 
3  	71    	0       	0.794424	0.614083	0.127636	1       	4       	2.31    	0.955981
4  	79    	0       	0.794424	0.634197	0.144593	1       	5       	2.19    	0.868274
5  	65    	0       	0.794424	0.659447	0.117689	1       	4       	2.39    	0.958071
6  	78    	0       	0.856567	0.406235	0.349553	1       	5       	2.64    	0.995188
--- 3608.5509884357452 sec ---
